3 121.440231 31.192508
3 121.440231 31.192508
3 121.434275 31.191554
3 121.434275 31.191554
3 121.427133 31.191621
3 121.427133 31.191621
3 121.423118 31.188985
3 121.423118 31.188985
3 121.415287 31.189428
3 121.415287 31.189428
3 121.409387 31.188211
3 121.409387 31.188211
3 121.400636 31.189211
3 121.400636 31.189211
3 121.396180 31.186937
3 121.396180 31.186937
3 121.389730 31.185976
3 121.389730 31.185976
3 121.383183 31.184897
3 121.383183 31.184897
3 121.376289 31.184094
3 121.376289 31.184094
3 121.369767 31.182973
3 121.369767 31.182973
3 121.362786 31.182227
3 121.362786 31.182227
3 121.356765 31.180674
3 121.356765 31.180674
3 121.348267 31.180934
3 121.348267 31.180934
3 121.340862 31.180298
3 121.340862 31.180298
3 121.333722 31.179249
3 121.333722 31.179249
3 121.326704 31.178273
3 121.326704 31.178273
3 121.320069 31.176797
3 121.320069 31.176797
3 121.312400 31.175953
3 121.312400 31.175953
3 121.306741 31.173688
3 121.306741 31.173688
3 121.297329 31.174171
3 121.297329 31.174171
3 121.290649 31.172496
3 121.290649 31.172496
3 121.283421 31.171076
3 121.283421 31.171076
3 121.275121 31.170616
3 121.275121 31.170616
3 121.267339 31.169583
3 121.267339 31.169583
3 121.259312 31.168871
3 121.259312 31.168871
3 121.254037 31.165923
3 121.254037 31.165923
3 121.245693 31.165416
3 121.245693 31.165416
3 121.235395 31.166159
3 121.235395 31.166159
3 121.229233 31.163840
3 121.229233 31.163840
3 121.222085 31.161714
3 121.222085 31.161714
3 121.215127 31.158922
3 121.215127 31.158922
3 121.206368 31.157092
3 121.206368 31.157092
3 121.201135 31.152533
3 121.201135 31.152533
3 121.194998 31.148448
3 121.194998 31.148448
3 121.189490 31.143581
3 121.189490 31.143581
3 121.184996 31.138150
3 121.184996 31.138150
3 121.179942 31.132946
3 121.179942 31.132946
3 121.175449 31.127527
3 121.175449 31.127527
3 121.170731 31.122081
3 121.170731 31.122081
3 121.164992 31.117546
3 121.164992 31.117546
3 121.160726 31.111788
3 121.160726 31.111788
3 121.155678 31.106592
3 121.155678 31.106592
3 121.151942 31.100439
3 121.151942 31.100439
3 121.146013 31.095878
3 121.146013 31.095878
3 121.140646 31.090737
3 121.140646 31.090737
3 121.135908 31.085482
3 121.135908 31.085482
3 121.131814 31.079764
3 121.131814 31.079764
3 121.127284 31.074361
3 121.127284 31.074361
3 121.121999 31.069677
3 121.121999 31.069677
3 121.117659 31.064477
3 121.117659 31.064477
3 121.112475 31.059886
3 121.112475 31.059886
3 121.108863 31.054161
3 121.108863 31.054161
3 121.104190 31.049366
3 121.104190 31.049366
3 121.098386 31.045398
3 121.098386 31.045398
3 121.094852 31.039782
3 121.094852 31.039782
3 121.090596 31.034698
3 121.090596 31.034698
3 121.085828 31.029807
3 121.085828 31.029807
3 121.081560 31.024720
3 121.081560 31.024720
3 121.076791 31.019831
3 121.076791 31.019831
3 121.072023 31.014941
3 121.072023 31.014941
3 121.067255 31.010051
3 121.067255 31.010051
3 121.063284 31.004596
3 121.063284 31.004596
3 121.058120 30.999993
3 121.058120 30.999993
3 121.052860 30.995284
3 121.052860 30.995284
3 121.049549 30.989339
3 121.049549 30.989339
3 121.044392 30.984567
3 121.044392 30.984567
3 121.040190 30.979091
3 121.040190 30.979091
3 121.034654 30.974594
3 121.034654 30.974594
3 121.030066 30.969398
3 121.030066 30.969398
3 121.024636 30.964990
3 121.024636 30.964990
3 121.018745 30.960914
3 121.018745 30.960914
3 121.012315 30.957400
3 121.012315 30.957400
3 121.006191 30.954165
3 121.006191 30.954165
3 120.999168 30.951906
3 120.999168 30.951906
3 120.991707 30.950269
3 120.991707 30.950269
3 120.984845 30.948714
3 120.984845 30.948714
3 120.977992 30.946952
3 120.977992 30.946952
3 120.970434 30.945673
3 120.970434 30.945673
3 120.963268 30.944263
3 120.963268 30.944263
3 120.956768 30.942059
3 120.956768 30.942059
3 120.948645 30.941259
3 120.948645 30.941259
3 120.941457 30.939632
3 120.941457 30.939632
3 120.933939 30.938056
3 120.933939 30.938056
3 120.926895 30.936293
3 120.926895 30.936293
3 120.919433 30.934638
3 120.919433 30.934638
3 120.911356 30.933504
3 120.911356 30.933504
3 120.904945 30.931128
3 120.904945 30.931128
3 120.896928 30.929905
3 120.896928 30.929905
3 120.889222 30.928312
3 120.889222 30.928312
3 120.881626 30.926769
3 120.881626 30.926769
3 120.874341 30.924866
3 120.874341 30.924866
3 120.865739 30.923733
3 120.865739 30.923733
3 120.858779 30.921573
3 120.858779 30.921573
3 120.850693 30.920232
3 120.850693 30.920232
3 120.843174 30.918361
3 120.843174 30.918361
3 120.835156 30.916756
3 120.835156 30.916756
3 120.827262 30.915212
3 120.827262 30.915212
3 120.819140 30.913605
3 120.819140 30.913605
3 120.811494 30.911859
3 120.811494 30.911859
3 120.803534 30.910099
3 120.803534 30.910099
3 120.795960 30.908257
3 120.795960 30.908257
3 120.787722 30.906749
3 120.787722 30.906749
3 120.779605 30.905128
3 120.779605 30.905128
3 120.772226 30.903252
3 120.772226 30.903252
3 120.764181 30.901687
3 120.764181 30.901687
3 120.755835 30.900085
3 120.755835 30.900085
3 120.748222 30.898238
3 120.748222 30.898238
3 120.740285 30.896660
3 120.740285 30.896660
3 120.732578 30.894797
3 120.732578 30.894797
3 120.724206 30.893364
3 120.724206 30.893364
3 120.716224 30.891710
3 120.716224 30.891710
3 120.708536 30.889869
3 120.708536 30.889869
3 120.701321 30.887784
3 120.701321 30.887784
3 120.692443 30.886440
3 120.692443 30.886440
3 120.684287 30.884707
3 120.684287 30.884707
3 120.676509 30.882928
3 120.676509 30.882928
3 120.668854 30.881048
3 120.668854 30.881048
3 120.660229 30.879553
3 120.660229 30.879553
3 120.652664 30.877558
3 120.652664 30.877558
3 120.644203 30.876054
3 120.644203 30.876054
3 120.636122 30.874336
3 120.636122 30.874336
3 120.628488 30.872543
3 120.628488 30.872543
3 120.620232 30.870959
3 120.620232 30.870959
3 120.612023 30.869310
3 120.612023 30.869310
3 120.603863 30.867595
3 120.603863 30.867595
3 120.595753 30.865815
3 120.595753 30.865815
3 120.587754 30.864096
3 120.587754 30.864096
3 120.580133 30.862195
3 120.580133 30.862195
3 120.571898 30.860460
3 120.571898 30.860460
3 120.563854 30.858755
3 120.563854 30.858755
3 120.555508 30.857248
3 120.555508 30.857248
3 120.547238 30.855517
3 120.547238 30.855517
3 120.539316 30.853758
3 120.539316 30.853758
3 120.531119 30.852035
3 120.531119 30.852035
3 120.523059 30.850229
3 120.523059 30.850229
3 120.515342 30.848402
3 120.515342 30.848402
3 120.507110 30.846678
3 120.507110 30.846678
3 120.498610 30.844972
3 120.498610 30.844972
3 120.490451 30.843247
3 120.490451 30.843247
3 120.482428 30.841439
3 120.482428 30.841439
3 120.474496 30.839675
3 120.474496 30.839675
3 120.465983 30.838012
3 120.465983 30.838012
3 120.457725 30.836092
3 120.457725 30.836092
3 120.449362 30.834398
3 120.449362 30.834398
3 120.441371 30.832560
3 120.441371 30.832560
3 120.433121 30.830728
3 120.433121 30.830728
3 120.424681 30.829133
3 120.424681 30.829133
3 120.416576 30.827276
3 120.416576 30.827276
3 120.407901 30.825464
3 120.407901 30.825464
3 120.399939 30.823582
3 120.399939 30.823582
3 120.391829 30.821803
3 120.391829 30.821803
3 120.383539 30.819981
3 120.383539 30.819981
3 120.374716 30.818318
3 120.374716 30.818318
3 120.366719 30.816449
3 120.366719 30.816449
3 120.358263 30.814715
3 120.358263 30.814715
3 120.350091 30.812864
3 120.350091 30.812864
3 120.341745 30.810973
3 120.341745 30.810973
3 120.333361 30.808878
3 120.333361 30.808878
3 120.325276 30.806154
3 120.325276 30.806154
3 120.317535 30.803078
3 120.317535 30.803078
3 120.310143 30.799641
3 120.310143 30.799641
3 120.302781 30.795630
3 120.302781 30.795630
3 120.295488 30.791296
3 120.295488 30.791296
3 120.288853 30.786471
3 120.288853 30.786471
3 120.282298 30.781334
3 120.282298 30.781334
3 120.275906 30.775892
3 120.275906 30.775892
3 120.270182 30.770111
3 120.270182 30.770111
3 120.265256 30.763882
3 120.265256 30.763882
3 120.260422 30.757497
3 120.260422 30.757497
3 120.255136 30.750960
3 120.255136 30.750960
3 120.250779 30.744504
3 120.250779 30.744504
3 120.245426 30.737907
3 120.245426 30.737907
3 120.240998 30.731408
3 120.240998 30.731408
3 120.235872 30.724871
3 120.235872 30.724871
3 120.231123 30.718440
3 120.231123 30.718440
3 120.226032 30.711844
3 120.226032 30.711844
3 120.220995 30.705339
3 120.220995 30.705339
3 120.216148 30.698676
3 120.216148 30.698676
3 120.211348 30.692232
3 120.211348 30.692232
3 120.206490 30.685622
3 120.206490 30.685622
3 120.201444 30.679098
3 120.201444 30.679098
3 120.196592 30.672534
3 120.196592 30.672534
3 120.191644 30.665795
3 120.191644 30.665795
3 120.186809 30.659281
3 120.186809 30.659281
3 120.181645 30.652694
3 120.181645 30.652694
3 120.176915 30.646097
3 120.176915 30.646097
3 120.171798 30.639548
3 120.171798 30.639548
3 120.166685 30.632808
3 120.166685 30.632808
3 120.161635 30.626274
3 120.161635 30.626274
3 120.156599 30.619563
3 120.156599 30.619563
3 120.151916 30.612971
3 120.151916 30.612971
3 120.146701 30.606506
3 120.146701 30.606506
3 120.141210 30.600055
3 120.141210 30.600055
3 120.135004 30.593933
3 120.135004 30.593933
3 120.128784 30.588515
3 120.128784 30.588515
3 120.121865 30.583267
3 120.121865 30.583267
3 120.114593 30.578625
3 120.114593 30.578625
3 120.106924 30.574438
3 120.106924 30.574438
3 120.098787 30.570825
3 120.098787 30.570825
3 120.090674 30.567470
3 120.090674 30.567470
3 120.082365 30.564199
3 120.082365 30.564199
3 120.074475 30.560905
3 120.074475 30.560905
3 120.066047 30.557578
3 120.066047 30.557578
3 120.058036 30.554223
3 120.058036 30.554223
3 120.049964 30.550708
3 120.049964 30.550708
3 120.041681 30.547234
3 120.041681 30.547234
3 120.033502 30.543799
3 120.033502 30.543799
3 120.025587 30.540304
3 120.025587 30.540304
3 120.017418 30.536685
3 120.017418 30.536685
3 120.009257 30.533057
3 120.009257 30.533057
3 120.001202 30.529168
3 120.001202 30.529168
3 119.993304 30.524874
3 119.993304 30.524874
3 119.985667 30.520391
3 119.985667 30.520391
3 119.978418 30.515486
3 119.978418 30.515486
3 119.971126 30.510694
3 119.971126 30.510694
3 119.964043 30.505368
3 119.964043 30.505368
3 119.957592 30.499921
3 119.957592 30.499921
3 119.950956 30.494195
3 119.950956 30.494195
3 119.944590 30.487957
3 119.944590 30.487957
3 119.938438 30.481654
3 119.938438 30.481654
3 119.932847 30.475058
3 119.932847 30.475058
3 119.927736 30.468608
3 119.927736 30.468608
3 119.922315 30.461567
3 119.922315 30.461567
3 119.917127 30.454676
3 119.917127 30.454676
3 119.912032 30.447636
3 119.912032 30.447636
3 119.906840 30.440848
3 119.906840 30.440848
3 119.901600 30.433792
3 119.901600 30.433792
3 119.896469 30.426792
3 119.896469 30.426792
3 119.891215 30.419804
3 119.891215 30.419804
3 119.886148 30.412955
3 119.886148 30.412955
3 119.880910 30.405868
3 119.880910 30.405868
3 119.875592 30.398834
3 119.875592 30.398834
3 119.870470 30.391961
3 119.870470 30.391961
3 119.865294 30.384952
3 119.865294 30.384952
3 119.859941 30.377877
3 119.859941 30.377877
3 119.854816 30.370776
3 119.854816 30.370776
3 119.849710 30.363863
3 119.849710 30.363863
3 119.844368 30.356788
3 119.844368 30.356788
3 119.839380 30.349890
3 119.839380 30.349890
3 119.834022 30.342603
3 119.834022 30.342603
3 119.828967 30.335694
3 119.828967 30.335694
3 119.823715 30.328656
3 119.823715 30.328656
3 119.818483 30.321564
3 119.818483 30.321564
3 119.813468 30.314472
3 119.813468 30.314472
3 119.808280 30.307260
3 119.808280 30.307260
3 119.803255 30.300280
3 119.803255 30.300280
3 119.798081 30.293241
3 119.798081 30.293241
3 119.792875 30.286005
3 119.792875 30.286005
3 119.787736 30.278843
3 119.787736 30.278843
3 119.782698 30.271874
3 119.782698 30.271874
3 119.777662 30.264818
3 119.777662 30.264818
3 119.772643 30.257710
3 119.772643 30.257710
3 119.767455 30.250498
3 119.767455 30.250498
3 119.762358 30.243512
3 119.762358 30.243512
3 119.757256 30.236421
3 119.757256 30.236421
3 119.752357 30.229495
3 119.752357 30.229495
3 119.747478 30.222680
3 119.747478 30.222680
3 119.742516 30.215372
3 119.742516 30.215372
3 119.737485 30.208531
3 119.737485 30.208531
3 119.732564 30.201519
3 119.732564 30.201519
3 119.727659 30.194567
3 119.727659 30.194567
3 119.722743 30.187678
3 119.722743 30.187678
3 119.717782 30.180490
3 119.717782 30.180490
3 119.712830 30.173541
3 119.712830 30.173541
3 119.707847 30.166469
3 119.707847 30.166469
3 119.702848 30.159407
3 119.702848 30.159407
3 119.697831 30.152593
3 119.697831 30.152593
3 119.692921 30.145509
3 119.692921 30.145509
3 119.688002 30.138247
3 119.688002 30.138247
3 119.683019 30.131430
3 119.683019 30.131430
3 119.678003 30.124484
3 119.678003 30.124484
3 119.672958 30.117404
3 119.672958 30.117404
3 119.668033 30.110198
3 119.668033 30.110198
3 119.663053 30.103054
3 119.663053 30.103054
3 119.658019 30.095924
3 119.658019 30.095924
3 119.653105 30.088722
3 119.653105 30.088722
3 119.648098 30.081742
3 119.648098 30.081742
3 119.643168 30.074905
3 119.643168 30.074905
3 119.638064 30.067757
3 119.638064 30.067757
3 119.633074 30.060491
3 119.633074 30.060491
3 119.628187 30.053215
3 119.628187 30.053215
3 119.623154 30.046226
3 119.623154 30.046226
3 119.618002 30.039481
3 119.618002 30.039481
3 119.613089 30.032031
3 119.613089 30.032031
3 119.608213 30.024798
3 119.608213 30.024798
3 119.602912 30.018226
3 119.602912 30.018226
3 119.598087 30.011285
3 119.598087 30.011285
3 119.593061 30.004237
3 119.593061 30.004237
3 119.588071 29.997258
3 119.588071 29.997258
3 119.583112 29.990411
3 119.583112 29.990411
3 119.578173 29.983204
3 119.578173 29.983204
3 119.573391 29.976168
3 119.573391 29.976168
3 119.568279 29.969374
3 119.568279 29.969374
3 119.563396 29.962077
3 119.563396 29.962077
3 119.558349 29.955400
3 119.558349 29.955400
3 119.553490 29.948339
3 119.553490 29.948339
3 119.548463 29.941451
3 119.548463 29.941451
3 119.543544 29.934418
3 119.543544 29.934418
3 119.538583 29.927608
3 119.538583 29.927608
3 119.533555 29.920319
3 119.533555 29.920319
3 119.528652 29.913241
3 119.528652 29.913241
3 119.523547 29.906345
3 119.523547 29.906345
3 119.518666 29.899058
3 119.518666 29.899058
3 119.513500 29.892148
3 119.513500 29.892148
3 119.508523 29.884907
3 119.508523 29.884907
3 119.503512 29.877847
3 119.503512 29.877847
3 119.498568 29.870402
3 119.498568 29.870402
3 119.493444 29.863399
3 119.493444 29.863399
3 119.488126 29.856535
3 119.488126 29.856535
3 119.483192 29.849011
3 119.483192 29.849011
3 119.478154 29.841740
3 119.478154 29.841740
3 119.473073 29.834348
3 119.473073 29.834348
3 119.467763 29.827418
3 119.467763 29.827418
3 119.462710 29.820087
3 119.462710 29.820087
3 119.457538 29.813029
3 119.457538 29.813029
3 119.452504 29.805509
3 119.452504 29.805509
3 119.446630 29.798905
3 119.446630 29.798905
3 119.441104 29.792026
3 119.441104 29.792026
3 119.435637 29.784821
3 119.435637 29.784821
3 119.429762 29.778601
3 119.429762 29.778601
3 119.423845 29.771655
3 119.423845 29.771655
3 119.417934 29.765000
3 119.417934 29.765000
3 119.411585 29.758809
3 119.411585 29.758809
3 119.405780 29.752061
3 119.405780 29.752061
3 119.399554 29.745704
3 119.399554 29.745704
3 119.393062 29.739541
3 119.393062 29.739541
3 119.386685 29.733475
3 119.386685 29.733475
3 119.380523 29.726570
3 119.380523 29.726570
3 119.373741 29.720883
3 119.373741 29.720883
3 119.366985 29.715166
3 119.366985 29.715166
3 119.360825 29.708583
3 119.360825 29.708583
3 119.353768 29.703340
3 119.353768 29.703340
3 119.346845 29.697404
3 119.346845 29.697404
3 119.339986 29.691879
3 119.339986 29.691879
3 119.333025 29.686265
3 119.333025 29.686265
3 119.325978 29.680785
3 119.325978 29.680785
3 119.318652 29.675453
3 119.318652 29.675453
3 119.311531 29.670090
3 119.311531 29.670090
3 119.304202 29.665033
3 119.304202 29.665033
3 119.296593 29.660141
3 119.296593 29.660141
3 119.289516 29.654725
3 119.289516 29.654725
3 119.282383 29.649135
3 119.282383 29.649135
3 119.275108 29.644013
3 119.275108 29.644013
3 119.267781 29.638726
3 119.267781 29.638726
3 119.261248 29.632551
3 119.261248 29.632551
3 119.253223 29.628249
3 119.253223 29.628249
3 119.246364 29.622308
3 119.246364 29.622308
3 119.238841 29.617295
3 119.238841 29.617295
3 119.231646 29.612078
3 119.231646 29.612078
3 119.224646 29.606334
3 119.224646 29.606334
3 119.217480 29.601084
3 119.217480 29.601084
3 119.210139 29.595842
3 119.210139 29.595842
3 119.202869 29.590744
3 119.202869 29.590744
3 119.195673 29.585289
3 119.195673 29.585289
3 119.188434 29.579914
3 119.188434 29.579914
3 119.181532 29.574058
3 119.181532 29.574058
3 119.174176 29.569088
3 119.174176 29.569088
3 119.167045 29.563574
3 119.167045 29.563574
3 119.159373 29.558790
3 119.159373 29.558790
3 119.152188 29.553338
3 119.152188 29.553338
3 119.145303 29.547496
3 119.145303 29.547496
3 119.137786 29.542755
3 119.137786 29.542755
3 119.130992 29.536778
3 119.130992 29.536778
3 119.123870 29.531270
3 119.123870 29.531270
3 119.116378 29.526500
3 119.116378 29.526500
3 119.109269 29.520962
3 119.109269 29.520962
3 119.101670 29.516106
3 119.101670 29.516106
3 119.094362 29.510842
3 119.094362 29.510842
3 119.087714 29.504938
3 119.087714 29.504938
3 119.080738 29.499249
3 119.080738 29.499249
3 119.072860 29.494756
3 119.072860 29.494756
3 119.065525 29.489552
3 119.065525 29.489552
3 119.058574 29.483820
3 119.058574 29.483820
3 119.051690 29.478250
3 119.051690 29.478250
3 119.044022 29.473249
3 119.044022 29.473249
3 119.036924 29.467968
3 119.036924 29.467968
3 119.029944 29.462285
3 119.029944 29.462285
3 119.022427 29.457334
3 119.022427 29.457334
3 119.014906 29.452372
3 119.014906 29.452372
3 119.008048 29.446552
3 119.008048 29.446552
3 119.001115 29.440819
3 119.001115 29.440819
3 118.993626 29.435834
3 118.993626 29.435834
3 118.986715 29.430076
3 118.986715 29.430076
3 118.979361 29.425146
3 118.979361 29.425146
3 118.971764 29.420064
3 118.971764 29.420064
3 118.964639 29.414608
3 118.964639 29.414608
3 118.957516 29.409137
3 118.957516 29.409137
3 118.950444 29.403842
3 118.950444 29.403842
3 118.942874 29.398729
3 118.942874 29.398729
3 118.935556 29.393757
3 118.935556 29.393757
3 118.928611 29.387835
3 118.928611 29.387835
3 118.921888 29.381854
3 118.921888 29.381854
3 118.914595 29.376856
3 118.914595 29.376856
3 118.907328 29.371357
3 118.907328 29.371357
3 118.899566 29.366740
3 118.899566 29.366740
3 118.892887 29.360712
3 118.892887 29.360712
3 118.885132 29.356086
3 118.885132 29.356086
3 118.878107 29.350507
3 118.878107 29.350507
3 118.871008 29.345041
3 118.871008 29.345041
3 118.864376 29.338963
3 118.864376 29.338963
3 118.856262 29.334798
3 118.856262 29.334798
3 118.848893 29.329665
3 118.848893 29.329665
3 118.842205 29.323680
3 118.842205 29.323680
3 118.835618 29.317555
3 118.835618 29.317555
3 118.827115 29.313869
3 118.827115 29.313869
3 118.821234 29.306865
3 118.821234 29.306865
3 118.813901 29.301692
3 118.813901 29.301692
3 118.806189 29.297017
3 118.806189 29.297017
3 118.799261 29.291334
3 118.799261 29.291334
3 118.792052 29.286023
3 118.792052 29.286023
3 118.786146 29.279056
3 118.786146 29.279056
3 118.778958 29.273723
3 118.778958 29.273723
3 118.770752 29.269655
3 118.770752 29.269655
3 118.763061 29.264957
3 118.763061 29.264957
3 118.755962 29.259277
3 118.755962 29.259277
3 118.749220 29.253607
3 118.749220 29.253607
3 118.741946 29.248371
3 118.741946 29.248371
3 118.734268 29.243658
3 118.734268 29.243658
3 118.727423 29.237887
3 118.727423 29.237887
3 118.720364 29.232165
3 118.720364 29.232165
3 118.712262 29.227966
3 118.712262 29.227966
3 118.705448 29.222176
3 118.705448 29.222176
3 118.699066 29.215834
3 118.699066 29.215834
3 118.691734 29.210693
3 118.691734 29.210693
3 118.683309 29.206896
3 118.683309 29.206896
3 118.677292 29.200122
3 118.677292 29.200122
3 118.669634 29.195372
3 118.669634 29.195372
3 118.663314 29.188980
3 118.663314 29.188980
3 118.656326 29.183183
3 118.656326 29.183183
3 118.648233 29.178972
3 118.648233 29.178972
3 118.641495 29.173103
3 118.641495 29.173103
3 118.634307 29.167776
3 118.634307 29.167776
3 118.626222 29.163571
3 118.626222 29.163571
3 118.620180 29.156615
3 118.620180 29.156615
3 118.612548 29.151835
3 118.612548 29.151835
3 118.604580 29.147487
3 118.604580 29.147487
3 118.598226 29.141137
3 118.598226 29.141137
3 118.591887 29.134557
3 118.591887 29.134557
3 118.584279 29.129768
3 118.584279 29.129768
3 118.577016 29.124539
3 118.577016 29.124539
3 118.569402 29.119741
3 118.569402 29.119741
3 118.561314 29.115307
3 118.561314 29.115307
3 118.555026 29.108903
3 118.555026 29.108903
3 118.547901 29.103511
3 118.547901 29.103511
3 118.541638 29.097083
3 118.541638 29.097083
3 118.532583 29.093827
3 118.532583 29.093827
3 118.526325 29.087379
3 118.526325 29.087379
3 118.519722 29.081371
3 118.519722 29.081371
3 118.512625 29.075948
3 118.512625 29.075948
3 118.504423 29.071653
3 118.504423 29.071653
3 118.497340 29.066229
3 118.497340 29.066229
3 118.491134 29.059730
3 118.491134 29.059730
3 118.482050 29.056503
3 118.482050 29.056503
3 118.477387 29.048153
3 118.477387 29.048153
3 118.467396 29.046237
3 118.467396 29.046237
3 118.462764 29.037855
3 118.462764 29.037855
3 118.454050 29.034177
3 118.454050 29.034177
3 118.447511 29.028088
3 118.447511 29.028088
3 118.440471 29.022621
3 118.440471 29.022621
3 118.433298 29.017299
3 118.433298 29.017299
3 118.426145 29.011742
3 118.426145 29.011742
3 118.419639 29.005619
3 118.419639 29.005619
3 118.412623 29.000128
3 118.412623 29.000128
3 118.405072 28.995264
3 118.405072 28.995264
3 118.396996 28.991045
3 118.396996 28.991045
3 118.389865 28.985464
3 118.389865 28.985464
3 118.383923 28.978903
3 118.383923 28.978903
3 118.376265 28.973955
3 118.376265 28.973955
3 118.370357 28.967129
3 118.370357 28.967129
3 118.361738 28.963559
3 118.361738 28.963559
3 118.353652 28.959338
3 118.353652 28.959338
3 118.348326 28.951835
3 118.348326 28.951835
3 118.340242 28.947609
3 118.340242 28.947609
3 118.333708 28.941324
3 118.333708 28.941324
3 118.327169 28.935275
3 118.327169 28.935275
3 118.319929 28.930047
3 118.319929 28.930047
3 118.311572 28.926162
3 118.311572 28.926162
3 118.304050 28.921269
3 118.304050 28.921269
3 118.297105 28.915705
3 118.297105 28.915705
3 118.290158 28.910130
3 118.290158 28.910130
3 118.283100 28.904475
3 118.283100 28.904475
3 118.276740 28.898206
3 118.276740 28.898206
3 118.270254 28.892104
3 118.270254 28.892104
3 118.261734 28.888395
3 118.261734 28.888395
3 118.254113 28.883411
3 118.254113 28.883411
3 118.247641 28.877294
3 118.247641 28.877294
3 118.240729 28.871684
3 118.240729 28.871684
3 118.232649 28.867470
3 118.232649 28.867470
3 118.226221 28.861077
3 118.226221 28.861077
3 118.218132 28.856860
3 118.218132 28.856860
3 118.211717 28.850454
3 118.211717 28.850454
3 118.204836 28.844827
3 118.204836 28.844827
3 118.197234 28.839823
3 118.197234 28.839823
3 118.190930 28.833729
3 118.190930 28.833729
3 118.183333 28.828720
3 118.183333 28.828720
3 118.175242 28.824505
3 118.175242 28.824505
3 118.168257 28.818777
3 118.168257 28.818777
3 118.160170 28.814571
3 118.160170 28.814571
3 118.153809 28.808112
3 118.153809 28.808112
3 118.147573 28.801718
3 118.147573 28.801718
3 118.139988 28.796699
3 118.139988 28.796699
3 118.133266 28.791103
3 118.133266 28.791103
3 118.126783 28.784794
3 118.126783 28.784794
3 118.118218 28.781133
3 118.118218 28.781133
3 118.110637 28.776109
3 118.110637 28.776109
3 118.103656 28.770609
3 118.103656 28.770609
3 118.096831 28.764913
3 118.096831 28.764913
3 118.090537 28.758387
3 118.090537 28.758387
3 118.083734 28.752683
3 118.083734 28.752683
3 118.077298 28.746328
3 118.077298 28.746328
3 118.068717 28.742682
3 118.068717 28.742682
3 118.062941 28.735560
3 118.062941 28.735560
3 118.054364 28.731924
3 118.054364 28.731924
3 118.047294 28.726309
3 118.047294 28.726309
3 118.040508 28.720575
3 118.040508 28.720575
3 118.032293 28.716295
3 118.032293 28.716295
3 118.026183 28.709790
3 118.026183 28.709790
3 118.018631 28.704738
3 118.018631 28.704738
3 118.011195 28.699762
3 118.011195 28.699762
3 118.003645 28.694709
3 118.003645 28.694709
3 117.996768 28.688875
3 117.996768 28.688875
3 117.989343 28.683901
3 117.989343 28.683901
3 117.983152 28.677274
3 117.983152 28.677274
3 117.977597 28.670123
3 117.977597 28.670123
3 117.970064 28.665053
3 117.970064 28.665053
3 117.961846 28.660775
3 117.961846 28.660775
3 117.953969 28.656104
3 117.953969 28.656104
3 117.947591 28.649922
3 117.947591 28.649922
3 117.941446 28.643251
3 117.941446 28.643251
3 117.933921 28.638174
3 117.933921 28.638174
3 117.927209 28.632368
3 117.927209 28.632368
3 117.918287 28.628901
3 117.918287 28.628901
3 117.910061 28.624636
3 117.910061 28.624636
3 117.905176 28.616514
3 117.905176 28.616514
3 117.895836 28.613754
3 117.895836 28.613754
3 117.889732 28.607041
3 117.889732 28.607041
3 117.882214 28.601958
3 117.882214 28.601958
3 117.875347 28.596334
3 117.875347 28.596334
3 117.869267 28.589598
3 117.869267 28.589598
3 117.861758 28.584507
3 117.861758 28.584507
3 117.853528 28.580245
3 117.853528 28.580245
3 117.846018 28.575155
3 117.846018 28.575155
3 117.839963 28.568394
3 117.839963 28.568394
3 117.833311 28.562544
3 117.833311 28.562544
3 117.824956 28.558202
3 117.824956 28.558202
3 117.818310 28.552345
3 117.818310 28.552345
3 117.810810 28.547245
3 117.810810 28.547245
3 117.804606 28.540662
3 117.804606 28.540662
3 117.796556 28.536194
3 117.796556 28.536194
3 117.789174 28.531167
3 117.789174 28.531167
3 117.782127 28.525345
3 117.782127 28.525345
3 117.775498 28.519458
3 117.775498 28.519458
3 117.768762 28.513489
3 117.768762 28.513489
3 117.762787 28.506652
3 117.762787 28.506652
3 117.755307 28.501534
3 117.755307 28.501534
3 117.747067 28.497282
3 117.747067 28.497282
3 117.738937 28.493113
3 117.738937 28.493113
3 117.732219 28.487126
3 117.732219 28.487126
3 117.725507 28.481134
3 117.725507 28.481134
3 117.718302 28.475497
3 117.718302 28.475497
3 117.710554 28.470892
3 117.710554 28.470892
3 117.703854 28.464889
3 117.703854 28.464889
3 117.696964 28.459101
3 117.696964 28.459101
3 117.689495 28.453974
3 117.689495 28.453974
3 117.682808 28.447957
3 117.682808 28.447957
3 117.674558 28.443719
3 117.674558 28.443719
3 117.667877 28.437697
3 117.667877 28.437697
3 117.661993 28.430772
3 117.661993 28.430772
3 117.653862 28.426618
3 117.653862 28.426618
3 117.647991 28.419679
3 117.647991 28.419679
3 117.641213 28.413552
3 117.641213 28.413552
3 117.632961 28.409316
3 117.632961 28.409316
3 117.625507 28.404175
3 117.625507 28.404175
3 117.619584 28.397521
3 117.619584 28.397521
3 117.611530 28.393060
3 117.611530 28.393060
3 117.604688 28.387228
3 117.604688 28.387228
3 117.598054 28.381162
3 117.598054 28.381162
3 117.591426 28.375090
3 117.591426 28.375090
3 117.585622 28.368090
3 117.585622 28.368090
3 117.575018 28.366715
3 117.575018 28.366715
3 117.566547 28.362728
3 117.566547 28.362728
3 117.563431 28.352690
3 117.563431 28.352690
3 117.555998 28.347530
3 117.555998 28.347530
3 117.547735 28.343306
3 117.547735 28.343306
3 117.541134 28.337209
3 117.541134 28.337209
3 117.534539 28.331107
3 117.534539 28.331107
3 117.527739 28.325235
3 117.527739 28.325235
3 117.519684 28.320778
3 117.519684 28.320778
3 117.513853 28.314036
3 117.513853 28.314036
3 117.508124 28.306965
3 117.508124 28.306965
3 117.499859 28.302743
3 117.499859 28.302743
3 117.492441 28.297569
3 117.492441 28.297569
3 117.484283 28.293432
3 117.484283 28.293432
3 117.478576 28.286338
3 117.478576 28.286338
3 117.471163 28.281161
3 117.471163 28.281161
3 117.464611 28.275018
3 117.464611 28.275018
3 117.455475 28.271774
3 117.455475 28.271774
3 117.447950 28.266520
3 117.447950 28.266520
3 117.443373 28.258586
3 117.443373 28.258586
3 117.436622 28.252670
3 117.436622 28.252670
3 117.428444 28.248132
3 117.428444 28.248132
3 117.421041 28.242947
3 117.421041 28.242947
3 117.416174 28.235143
3 117.416174 28.235143
3 117.408779 28.229950
3 117.408779 28.229950
3 117.399617 28.226731
3 117.399617 28.226731
3 117.393990 28.219562
3 117.393990 28.219562
3 117.380607 28.221074
3 117.380607 28.221074
3 117.368984 28.220637
3 117.368984 28.220637
3 117.356342 28.221150
3 117.356342 28.221150
3 117.360944 28.202451
3 117.360944 28.202451
3 117.352768 28.198353
3 117.352768 28.198353
3 117.347608 28.190238
3 117.347608 28.190238
3 117.342803 28.181937
3 117.342803 28.181937
3 117.337799 28.173881
3 117.337799 28.173881
