7 119.762660 30.363891
7 119.762660 30.363891
7 119.756043 30.357654
7 119.756043 30.357654
7 119.745915 30.354385
7 119.745915 30.354385
7 119.745884 30.343067
7 119.745884 30.343067
7 119.741163 30.335301
7 119.741163 30.335301
7 119.730726 30.332120
7 119.730726 30.332120
7 119.726108 30.324458
7 119.726108 30.324458
7 119.722188 30.316236
7 119.722188 30.316236
7 119.716496 30.309247
7 119.716496 30.309247
7 119.708320 30.304434
7 119.708320 30.304434
7 119.708716 30.292567
7 119.708716 30.292567
7 119.700539 30.287761
7 119.700539 30.287761
7 119.697377 30.278732
7 119.697377 30.278732
7 119.688876 30.274016
7 119.688876 30.274016
7 119.685917 30.264820
7 119.685917 30.264820
7 119.675685 30.261676
7 119.675685 30.261676
7 119.670773 30.253885
7 119.670773 30.253885
7 119.666739 30.245739
7 119.666739 30.245739
7 119.664632 30.235853
7 119.664632 30.235853
7 119.657967 30.229661
7 119.657967 30.229661
7 119.650392 30.224195
7 119.650392 30.224195
7 119.647203 30.215353
7 119.647203 30.215353
7 119.637960 30.211070
7 119.637960 30.211070
7 119.635640 30.201519
7 119.635640 30.201519
7 119.631410 30.193342
7 119.631410 30.193342
7 119.622184 30.189054
7 119.622184 30.189054
7 119.618922 30.180261
7 119.618922 30.180261
7 119.611253 30.174706
7 119.611253 30.174706
7 119.609604 30.164399
7 119.609604 30.164399
7 119.604654 30.156803
7 119.604654 30.156803
7 119.601310 30.148056
7 119.601310 30.148056
7 119.594493 30.141807
7 119.594493 30.141807
7 119.589607 30.134325
7 119.589607 30.134325
7 119.586961 30.124803
7 119.586961 30.124803
7 119.579588 30.119563
7 119.579588 30.119563
7 119.574668 30.112104
7 119.574668 30.112104
7 119.569736 30.104654
7 119.569736 30.104654
7 119.563104 30.098614
7 119.563104 30.098614
7 119.558788 30.090651
7 119.558788 30.090651
7 119.553088 30.084011
7 119.553088 30.084011
7 119.549478 30.075278
7 119.549478 30.075278
7 119.544591 30.067957
7 119.544591 30.067957
7 119.536179 30.063231
7 119.536179 30.063231
7 119.531182 30.055827
7 119.531182 30.055827
7 119.527503 30.047129
7 119.527503 30.047129
7 119.521659 30.040431
7 119.521659 30.040431
7 119.517948 30.031763
7 119.517948 30.031763
7 119.509855 30.026956
7 119.509855 30.026956
7 119.505302 30.018982
7 119.505302 30.018982
7 119.501845 30.010267
7 119.501845 30.010267
7 119.496360 30.002910
7 119.496360 30.002910
7 119.492063 29.994896
7 119.492063 29.994896
7 119.485258 29.988819
7 119.485258 29.988819
7 119.480043 29.981405
7 119.480043 29.981405
7 119.476186 29.972820
7 119.476186 29.972820
7 119.470159 29.966094
7 119.470159 29.966094
7 119.465485 29.958199
7 119.465485 29.958199
7 119.460109 29.950724
7 119.460109 29.950724
7 119.456184 29.942193
7 119.456184 29.942193
7 119.448573 29.936811
7 119.448573 29.936811
7 119.444043 29.928796
7 119.444043 29.928796
7 119.437961 29.922101
7 119.437961 29.922101
7 119.433211 29.914269
7 119.433211 29.914269
7 119.430704 29.904480
7 119.430704 29.904480
7 119.423089 29.899122
7 119.423089 29.899122
7 119.417833 29.891899
7 119.417833 29.891899
7 119.412462 29.884595
7 119.412462 29.884595
7 119.406997 29.877549
7 119.406997 29.877549
7 119.403185 29.869062
7 119.403185 29.869062
7 119.398429 29.861392
7 119.398429 29.861392
7 119.392376 29.854856
7 119.392376 29.854856
7 119.387046 29.847685
7 119.387046 29.847685
7 119.383700 29.838769
7 119.383700 29.838769
7 119.376786 29.832796
7 119.376786 29.832796
7 119.370701 29.826284
7 119.370701 29.826284
7 119.364509 29.819687
7 119.364509 29.819687
7 119.360375 29.811454
7 119.360375 29.811454
7 119.354866 29.804238
7 119.354866 29.804238
7 119.350478 29.795847
7 119.350478 29.795847
7 119.346980 29.787029
7 119.346980 29.787029
7 119.341319 29.779760
7 119.341319 29.779760
7 119.335064 29.773214
7 119.335064 29.773214
7 119.329211 29.766113
7 119.329211 29.766113
7 119.323520 29.758867
7 119.323520 29.758867
7 119.317922 29.751717
7 119.317922 29.751717
7 119.312616 29.743940
7 119.312616 29.743940
7 119.307567 29.736110
7 119.307567 29.736110
7 119.303679 29.727227
7 119.303679 29.727227
7 119.297143 29.720552
7 119.297143 29.720552
7 119.291873 29.712910
7 119.291873 29.712910
7 119.285314 29.706242
7 119.285314 29.706242
7 119.280678 29.698020
7 119.280678 29.698020
7 119.276570 29.689126
7 119.276570 29.689126
7 119.269984 29.682492
7 119.269984 29.682492
7 119.263931 29.675175
7 119.263931 29.675175
7 119.258083 29.668047
7 119.258083 29.668047
7 119.251846 29.660895
7 119.251846 29.660895
7 119.245871 29.653697
7 119.245871 29.653697
7 119.239137 29.647002
7 119.239137 29.647002
7 119.233136 29.639813
7 119.233136 29.639813
7 119.225871 29.633804
7 119.225871 29.633804
7 119.219592 29.626688
7 119.219592 29.626688
7 119.213572 29.619528
7 119.213572 29.619528
7 119.207534 29.612371
7 119.207534 29.612371
7 119.200607 29.605852
7 119.200607 29.605852
7 119.193943 29.599288
7 119.193943 29.599288
7 119.186042 29.593857
7 119.186042 29.593857
7 119.178308 29.588285
7 119.178308 29.588285
7 119.171489 29.581866
7 119.171489 29.581866
7 119.164101 29.575776
7 119.164101 29.575776
7 119.158734 29.568193
7 119.158734 29.568193
7 119.150847 29.562753
7 119.150847 29.562753
7 119.143086 29.557406
7 119.143086 29.557406
7 119.135211 29.551954
7 119.135211 29.551954
7 119.128045 29.546042
7 119.128045 29.546042
7 119.120333 29.540451
7 119.120333 29.540451
7 119.112473 29.534986
7 119.112473 29.534986
7 119.105314 29.529068
7 119.105314 29.529068
7 119.098052 29.523063
7 119.098052 29.523063
7 119.089634 29.518125
7 119.089634 29.518125
7 119.081908 29.512732
7 119.081908 29.512732
7 119.074076 29.507241
7 119.074076 29.507241
7 119.066827 29.501224
7 119.066827 29.501224
7 119.059259 29.495686
7 119.059259 29.495686
7 119.051902 29.489573
7 119.051902 29.489573
7 119.044200 29.484157
7 119.044200 29.484157
7 119.036960 29.478134
7 119.036960 29.478134
7 119.029713 29.472104
7 119.029713 29.472104
7 119.021366 29.467100
7 119.021366 29.467100
7 119.013686 29.461664
7 119.013686 29.461664
7 119.005908 29.456135
7 119.005908 29.456135
7 118.999222 29.449592
7 118.999222 29.449592
7 118.991555 29.444145
7 118.991555 29.444145
7 118.983926 29.438481
7 118.983926 29.438481
7 118.977102 29.432065
7 118.977102 29.432065
7 118.969047 29.426975
7 118.969047 29.426975
7 118.961831 29.420932
7 118.961831 29.420932
7 118.954084 29.415376
7 118.954084 29.415376
7 118.946449 29.409900
7 118.946449 29.409900
7 118.938819 29.404419
7 118.938819 29.404419
7 118.931084 29.398839
7 118.931084 29.398839
7 118.923883 29.392784
7 118.923883 29.392784
7 118.915362 29.388115
7 118.915362 29.388115
7 118.909073 29.381231
7 118.909073 29.381231
7 118.901870 29.375167
7 118.901870 29.375167
7 118.893376 29.370472
7 118.893376 29.370472
7 118.885682 29.364867
7 118.885682 29.364867
7 118.878997 29.358333
7 118.878997 29.358333
7 118.870416 29.353729
7 118.870416 29.353729
7 118.863733 29.347194
7 118.863733 29.347194
7 118.856059 29.341571
7 118.856059 29.341571
7 118.848618 29.335919
7 118.848618 29.335919
7 118.840947 29.330280
7 118.840947 29.330280
7 118.832904 29.325173
7 118.832904 29.325173
7 118.826231 29.318646
7 118.826231 29.318646
7 118.818687 29.313087
7 118.818687 29.313087
7 118.811046 29.307434
7 118.811046 29.307434
7 118.803404 29.301769
7 118.803404 29.301769
7 118.796356 29.295764
7 118.796356 29.295764
7 118.789205 29.289670
7 118.789205 29.289670
7 118.781230 29.284318
7 118.781230 29.284318
7 118.772782 29.279572
7 118.772782 29.279572
7 118.765640 29.273458
7 118.765640 29.273458
7 118.758505 29.267351
7 118.758505 29.267351
7 118.750668 29.262055
7 118.750668 29.262055
7 118.743185 29.256441
7 118.743185 29.256441
7 118.735597 29.250727
7 118.735597 29.250727
7 118.728023 29.245014
7 118.728023 29.245014
7 118.720455 29.239295
7 118.720455 29.239295
7 118.712997 29.233659
7 118.712997 29.233659
7 118.705656 29.227918
7 118.705656 29.227918
7 118.697996 29.222088
7 118.697996 29.222088
7 118.690555 29.216437
7 118.690555 29.216437
7 118.683456 29.210301
7 118.683456 29.210301
7 118.675589 29.205027
7 118.675589 29.205027
7 118.668057 29.199264
7 118.668057 29.199264
7 118.660749 29.193494
7 118.660749 29.193494
7 118.653236 29.187726
7 118.653236 29.187726
7 118.645831 29.182042
7 118.645831 29.182042
7 118.638331 29.176263
7 118.638331 29.176263
7 118.630939 29.170568
7 118.630939 29.170568
7 118.623240 29.165143
7 118.623240 29.165143
7 118.616167 29.158973
7 118.616167 29.158973
7 118.607455 29.154262
7 118.607455 29.154262
7 118.600914 29.147817
7 118.600914 29.147817
7 118.593148 29.142450
7 118.593148 29.142450
7 118.585899 29.136628
7 118.585899 29.136628
7 118.578051 29.131153
7 118.578051 29.131153
7 118.570607 29.125312
7 118.570607 29.125312
7 118.563673 29.119213
7 118.563673 29.119213
7 118.555954 29.113803
7 118.555954 29.113803
7 118.548633 29.107866
7 118.548633 29.107866
7 118.541220 29.102009
7 118.541220 29.102009
7 118.533529 29.096574
7 118.533529 29.096574
7 118.525849 29.091127
7 118.525849 29.091127
7 118.518548 29.085159
7 118.518548 29.085159
7 118.511266 29.079366
7 118.511266 29.079366
7 118.503514 29.073804
7 118.503514 29.073804
7 118.496247 29.067997
7 118.496247 29.067997
7 118.488608 29.062335
7 118.488608 29.062335
7 118.481356 29.056516
7 118.481356 29.056516
7 118.473379 29.051322
7 118.473379 29.051322
7 118.466037 29.045389
7 118.466037 29.045389
7 118.458899 29.039471
7 118.458899 29.039471
7 118.451576 29.033535
7 118.451576 29.033535
7 118.444005 29.027989
7 118.444005 29.027989
7 118.436446 29.022432
7 118.436446 29.022432
7 118.428885 29.016700
7 118.428885 29.016700
7 118.421588 29.010729
7 118.421588 29.010729
7 118.413715 29.005438
7 118.413715 29.005438
7 118.406885 28.999256
7 118.406885 28.999256
7 118.399024 28.993778
7 118.399024 28.993778
7 118.391866 28.987876
7 118.391866 28.987876
7 118.384031 28.982374
7 118.384031 28.982374
7 118.376891 28.976456
7 118.376891 28.976456
7 118.368771 28.971368
7 118.368771 28.971368
7 118.361979 28.965157
7 118.361979 28.965157
7 118.354514 28.959325
7 118.354514 28.959325
7 118.346765 28.953921
7 118.346765 28.953921
7 118.339331 28.948074
7 118.339331 28.948074
7 118.332145 28.942019
7 118.332145 28.942019
7 118.324439 28.936576
7 118.324439 28.936576
7 118.317060 28.930857
7 118.317060 28.930857
7 118.309461 28.925320
7 118.309461 28.925320
7 118.302413 28.919324
7 118.302413 28.919324
7 118.294742 28.913672
7 118.294742 28.913672
7 118.287111 28.908159
7 118.287111 28.908159
7 118.279689 28.902286
7 118.279689 28.902286
7 118.272163 28.896684
7 118.272163 28.896684
7 118.264872 28.890887
7 118.264872 28.890887
7 118.257375 28.885258
7 118.257375 28.885258
7 118.250110 28.879438
7 118.250110 28.879438
7 118.242643 28.873784
7 118.242643 28.873784
7 118.235128 28.868179
7 118.235128 28.868179
7 118.227413 28.862724
7 118.227413 28.862724
7 118.219927 28.857080
7 118.219927 28.857080
7 118.213282 28.850751
7 118.213282 28.850751
7 118.205347 28.845470
7 118.205347 28.845470
7 118.198179 28.839566
7 118.198179 28.839566
7 118.190653 28.834121
7 118.190653 28.834121
7 118.183315 28.828352
7 118.183315 28.828352
7 118.176196 28.822417
7 118.176196 28.822417
7 118.168370 28.817037
7 118.168370 28.817037
7 118.160763 28.811478
7 118.160763 28.811478
7 118.153750 28.805444
7 118.153750 28.805444
7 118.146278 28.799945
7 118.146278 28.799945
7 118.139044 28.794085
7 118.139044 28.794085
7 118.131333 28.788600
7 118.131333 28.788600
7 118.124076 28.782756
7 118.124076 28.782756
7 118.116414 28.777227
7 118.116414 28.777227
7 118.109357 28.771403
7 118.109357 28.771403
7 118.101685 28.765878
7 118.101685 28.765878
7 118.094565 28.759920
7 118.094565 28.759920
7 118.087102 28.754407
7 118.087102 28.754407
7 118.079507 28.748813
7 118.079507 28.748813
7 118.072222 28.742977
7 118.072222 28.742977
7 118.064608 28.737559
7 118.064608 28.737559
7 118.057151 28.731849
7 118.057151 28.731849
7 118.049940 28.725950
7 118.049940 28.725950
7 118.042797 28.720176
7 118.042797 28.720176
7 118.034933 28.714943
7 118.034933 28.714943
7 118.027746 28.709019
7 118.027746 28.709019
7 118.020311 28.703442
7 118.020311 28.703442
7 118.013022 28.697589
7 118.013022 28.697589
7 118.005455 28.692116
7 118.005455 28.692116
7 117.998118 28.686455
7 117.998118 28.686455
7 117.990722 28.680670
7 117.990722 28.680670
7 117.983652 28.674819
7 117.983652 28.674819
7 117.976219 28.669217
7 117.976219 28.669217
7 117.968689 28.663692
7 117.968689 28.663692
7 117.961243 28.657925
7 117.961243 28.657925
7 117.953743 28.652355
7 117.953743 28.652355
7 117.946564 28.646724
7 117.946564 28.646724
7 117.939020 28.641184
7 117.939020 28.641184
7 117.931833 28.635387
7 117.931833 28.635387
7 117.924157 28.629913
7 117.924157 28.629913
7 117.916584 28.624370
7 117.916584 28.624370
7 117.909449 28.618679
7 117.909449 28.618679
7 117.902066 28.613150
7 117.902066 28.613150
7 117.894807 28.607359
7 117.894807 28.607359
7 117.887327 28.601879
7 117.887327 28.601879
7 117.879702 28.596326
7 117.879702 28.596326
7 117.872541 28.590614
7 117.872541 28.590614
7 117.864972 28.585160
7 117.864972 28.585160
7 117.857776 28.579452
7 117.857776 28.579452
7 117.850194 28.573981
7 117.850194 28.573981
7 117.842834 28.568355
7 117.842834 28.568355
7 117.835377 28.562932
7 117.835377 28.562932
7 117.828023 28.557275
7 117.828023 28.557275
7 117.820729 28.551732
7 117.820729 28.551732
7 117.813204 28.546302
7 117.813204 28.546302
7 117.805944 28.540706
7 117.805944 28.540706
7 117.798504 28.535188
7 117.798504 28.535188
7 117.791244 28.529707
7 117.791244 28.529707
7 117.783747 28.524179
7 117.783747 28.524179
7 117.776305 28.518915
7 117.776305 28.518915
7 117.768910 28.513281
7 117.768910 28.513281
7 117.761463 28.507965
7 117.761463 28.507965
7 117.754256 28.502482
7 117.754256 28.502482
7 117.746864 28.497075
7 117.746864 28.497075
7 117.739467 28.491626
7 117.739467 28.491626
7 117.732170 28.486390
7 117.732170 28.486390
7 117.724850 28.480981
7 117.724850 28.480981
7 117.717341 28.475758
7 117.717341 28.475758
7 117.710043 28.470399
7 117.710043 28.470399
7 117.702592 28.465196
7 117.702592 28.465196
7 117.695134 28.460074
7 117.695134 28.460074
7 117.687700 28.454875
7 117.687700 28.454875
7 117.680112 28.449807
7 117.680112 28.449807
7 117.672646 28.444746
7 117.672646 28.444746
7 117.665161 28.439745
7 117.665161 28.439745
7 117.657506 28.434829
7 117.657506 28.434829
7 117.649718 28.429974
7 117.649718 28.429974
7 117.641913 28.425116
7 117.641913 28.425116
7 117.634059 28.420386
7 117.634059 28.420386
7 117.626106 28.415630
7 117.626106 28.415630
7 117.617675 28.411031
7 117.617675 28.411031
7 117.609244 28.406434
7 117.609244 28.406434
7 117.600573 28.401842
7 117.600573 28.401842
7 117.592111 28.397309
7 117.592111 28.397309
7 117.583148 28.392695
7 117.583148 28.392695
7 117.573850 28.387890
7 117.573850 28.387890
7 117.564284 28.383085
7 117.564284 28.383085
7 117.554248 28.378005
7 117.554248 28.378005
7 117.543636 28.372741
7 117.543636 28.372741
7 117.532870 28.366828
7 117.532870 28.366828
7 117.521651 28.360565
7 117.521651 28.360565
7 117.511083 28.353857
7 117.511083 28.353857
7 117.500702 28.346794
7 117.500702 28.346794
7 117.489921 28.338859
7 117.489921 28.338859
7 117.480125 28.330818
7 117.480125 28.330818
7 117.470550 28.322272
7 117.470550 28.322272
7 117.461723 28.313649
7 117.461723 28.313649
7 117.453359 28.304689
7 117.453359 28.304689
7 117.445745 28.296091
7 117.445745 28.296091
7 117.438491 28.287415
7 117.438491 28.287415
7 117.431747 28.278965
7 117.431747 28.278965
7 117.425239 28.270871
7 117.425239 28.270871
7 117.418821 28.262892
7 117.418821 28.262892
7 117.412697 28.255313
7 117.412697 28.255313
7 117.406598 28.247935
7 117.406598 28.247935
7 117.400601 28.241007
7 117.400601 28.241007
7 117.394511 28.233797
7 117.394511 28.233797
7 117.388518 28.227037
7 117.388518 28.227037
7 117.382308 28.220491
7 117.382308 28.220491
7 117.376315 28.213855
7 117.376315 28.213855
7 117.370019 28.207502
7 117.370019 28.207502
7 117.363822 28.201339
7 117.363822 28.201339
7 117.357347 28.195001
7 117.357347 28.195001
7 117.350921 28.189430
7 117.350921 28.189430
7 117.344354 28.183640
7 117.344354 28.183640
7 117.337797 28.177574
7 117.337797 28.177574
7 117.331162 28.171571
7 117.331162 28.171571
7 117.324572 28.165622
7 117.324572 28.165622
7 117.317970 28.159498
7 117.317970 28.159498
7 117.311356 28.153560
7 117.311356 28.153560
7 117.304595 28.147344
7 117.304595 28.147344
7 117.297940 28.141404
7 117.297940 28.141404
7 117.291040 28.135381
7 117.291040 28.135381
7 117.284362 28.129336
7 117.284362 28.129336
7 117.277451 28.123526
7 117.277451 28.123526
7 117.270848 28.117169
7 117.270848 28.117169
7 117.263890 28.111262
7 117.263890 28.111262
7 117.256789 28.105670
7 117.256789 28.105670
7 117.250011 28.099536
7 117.250011 28.099536
7 117.242868 28.093796
7 117.242868 28.093796
7 117.236008 28.087900
7 117.236008 28.087900
7 117.229101 28.081848
7 117.229101 28.081848
7 117.221989 28.075891
7 117.221989 28.075891
7 117.214936 28.070133
7 117.214936 28.070133
7 117.207884 28.064135
7 117.207884 28.064135
7 117.200951 28.058256
7 117.200951 28.058256
7 117.193884 28.052338
7 117.193884 28.052338
7 117.186746 28.046279
7 117.186746 28.046279
7 117.179712 28.040356
7 117.179712 28.040356
7 117.172611 28.034302
7 117.172611 28.034302
7 117.165497 28.028540
7 117.165497 28.028540
7 117.158300 28.022651
7 117.158300 28.022651
7 117.151160 28.016709
7 117.151160 28.016709
7 117.143956 28.010860
7 117.143956 28.010860
7 117.136702 28.004854
7 117.136702 28.004854
7 117.129718 27.998971
7 117.129718 27.998971
7 117.122329 27.993185
7 117.122329 27.993185
7 117.115065 27.987231
7 117.115065 27.987231
7 117.108120 27.981092
7 117.108120 27.981092
7 117.100697 27.975382
7 117.100697 27.975382
7 117.093460 27.969420
7 117.093460 27.969420
7 117.086391 27.963488
7 117.086391 27.963488
7 117.079230 27.957440
7 117.079230 27.957440
7 117.071947 27.951322
7 117.071947 27.951322
7 117.064720 27.945631
7 117.064720 27.945631
7 117.057265 27.939760
7 117.057265 27.939760
7 117.050107 27.933742
7 117.050107 27.933742
7 117.042839 27.927879
7 117.042839 27.927879
7 117.035608 27.921989
7 117.035608 27.921989
7 117.028419 27.915791
7 117.028419 27.915791
7 117.021088 27.910029
7 117.021088 27.910029
7 117.013935 27.904039
7 117.013935 27.904039
7 117.006693 27.897947
7 117.006693 27.897947
7 116.999312 27.892025
7 116.999312 27.892025
7 116.992089 27.886157
7 116.992089 27.886157
7 116.984798 27.880129
7 116.984798 27.880129
7 116.977498 27.874132
7 116.977498 27.874132
7 116.970340 27.868181
7 116.970340 27.868181
7 116.962791 27.862273
7 116.962791 27.862273
7 116.955722 27.856216
7 116.955722 27.856216
7 116.948162 27.850566
7 116.948162 27.850566
7 116.940788 27.844667
7 116.940788 27.844667
7 116.933671 27.838465
7 116.933671 27.838465
7 116.926339 27.832521
7 116.926339 27.832521
7 116.919150 27.826635
7 116.919150 27.826635
7 116.911606 27.820759
7 116.911606 27.820759
7 116.904720 27.814274
7 116.904720 27.814274
7 116.897280 27.808492
7 116.897280 27.808492
7 116.890246 27.802198
7 116.890246 27.802198
7 116.882688 27.796566
7 116.882688 27.796566
7 116.875338 27.790666
7 116.875338 27.790666
7 116.868053 27.784490
7 116.868053 27.784490
7 116.860683 27.778619
7 116.860683 27.778619
7 116.853603 27.772414
7 116.853603 27.772414
7 116.846266 27.766509
7 116.846266 27.766509
7 116.838673 27.760716
7 116.838673 27.760716
7 116.831585 27.754516
