5 120.333892 30.562970
5 120.333892 30.562970
5 120.324511 30.561018
5 120.324511 30.561018
5 120.317926 30.559391
5 120.317926 30.559391
5 120.309957 30.557573
5 120.309957 30.557573
5 120.300601 30.555699
5 120.300601 30.555699
5 120.292652 30.553845
5 120.292652 30.553845
5 120.280536 30.551685
5 120.280536 30.551685
5 120.275423 30.549384
5 120.275423 30.549384
5 120.267557 30.546579
5 120.267557 30.546579
5 120.262517 30.543353
5 120.262517 30.543353
5 120.251959 30.539473
5 120.251959 30.539473
5 120.245613 30.535375
5 120.245613 30.535375
5 120.237936 30.530675
5 120.237936 30.530675
5 120.230310 30.525581
5 120.230310 30.525581
5 120.223766 30.520260
5 120.223766 30.520260
5 120.220372 30.514716
5 120.220372 30.514716
5 120.212902 30.508535
5 120.212902 30.508535
5 120.208226 30.502244
5 120.208226 30.502244
5 120.204618 30.495757
5 120.204618 30.495757
5 120.198652 30.488985
5 120.198652 30.488985
5 120.192705 30.482328
5 120.192705 30.482328
5 120.190521 30.475915
5 120.190521 30.475915
5 120.184634 30.469121
5 120.184634 30.469121
5 120.177415 30.462351
5 120.177415 30.462351
5 120.173938 30.455836
5 120.173938 30.455836
5 120.170804 30.449467
5 120.170804 30.449467
5 120.165014 30.442768
5 120.165014 30.442768
5 120.159253 30.436069
5 120.159253 30.436069
5 120.154536 30.429302
5 120.154536 30.429302
5 120.148832 30.422579
5 120.148832 30.422579
5 120.144486 30.415960
5 120.144486 30.415960
5 120.139832 30.409301
5 120.139832 30.409301
5 120.135532 30.402671
5 120.135532 30.402671
5 120.131256 30.396028
5 120.131256 30.396028
5 120.126688 30.389227
5 120.126688 30.389227
5 120.119816 30.382484
5 120.119816 30.382484
5 120.115615 30.375832
5 120.115615 30.375832
5 120.112433 30.369128
5 120.112433 30.369128
5 120.105669 30.362223
5 120.105669 30.362223
5 120.100240 30.355436
5 120.100240 30.355436
5 120.093543 30.348509
5 120.093543 30.348509
5 120.092997 30.342427
5 120.092997 30.342427
5 120.084029 30.335788
5 120.084029 30.335788
5 120.078579 30.330007
5 120.078579 30.330007
5 120.072746 30.324823
5 120.072746 30.324823
5 120.065901 30.320057
5 120.065901 30.320057
5 120.056784 30.315418
5 120.056784 30.315418
5 120.048580 30.311388
5 120.048580 30.311388
5 120.041583 30.308124
5 120.041583 30.308124
5 120.033305 30.304836
5 120.033305 30.304836
5 120.025046 30.301521
5 120.025046 30.301521
5 120.015849 30.298083
5 120.015849 30.298083
5 120.007626 30.294736
5 120.007626 30.294736
5 120.001666 30.291509
5 120.001666 30.291509
5 119.994768 30.288154
5 119.994768 30.288154
5 119.985668 30.284504
5 119.985668 30.284504
5 119.976274 30.280790
5 119.976274 30.280790
5 119.968166 30.277219
5 119.968166 30.277219
5 119.961340 30.273799
5 119.961340 30.273799
5 119.953292 30.270069
5 119.953292 30.270069
5 119.946617 30.265980
5 119.946617 30.265980
5 119.937766 30.261558
5 119.937766 30.261558
5 119.929979 30.256743
5 119.929979 30.256743
5 119.923521 30.251836
5 119.923521 30.251836
5 119.918386 30.246846
5 119.918386 30.246846
5 119.909609 30.240903
5 119.909609 30.240903
5 119.903384 30.235187
5 119.903384 30.235187
5 119.894759 30.228817
5 119.894759 30.228817
5 119.891180 30.222951
5 119.891180 30.222951
5 119.886466 30.216505
5 119.886466 30.216505
5 119.879316 30.209654
5 119.879316 30.209654
5 119.874746 30.202803
5 119.874746 30.202803
5 119.870203 30.195954
5 119.870203 30.195954
5 119.864468 30.188887
5 119.864468 30.188887
5 119.859653 30.182098
5 119.859653 30.182098
5 119.853984 30.175023
5 119.853984 30.175023
5 119.849564 30.168140
5 119.849564 30.168140
5 119.845173 30.161252
5 119.845173 30.161252
5 119.839573 30.154278
5 119.839573 30.154278
5 119.834009 30.147295
5 119.834009 30.147295
5 119.829677 30.140521
5 119.829677 30.140521
5 119.825374 30.133742
5 119.825374 30.133742
5 119.818744 30.126394
5 119.818744 30.126394
5 119.813284 30.119502
5 119.813284 30.119502
5 119.810260 30.112928
5 119.810260 30.112928
5 119.804892 30.105901
5 119.804892 30.105901
5 119.798380 30.098637
5 119.798380 30.098637
5 119.793935 30.091888
5 119.793935 30.091888
5 119.787793 30.084662
5 119.787793 30.084662
5 119.783411 30.077900
5 119.783411 30.077900
5 119.779382 30.071068
5 119.779382 30.071068
5 119.773056 30.063758
5 119.773056 30.063758
5 119.769057 30.057037
5 119.769057 30.057037
5 119.763926 30.050081
5 119.763926 30.050081
5 119.757679 30.042866
5 119.757679 30.042866
5 119.752620 30.035893
5 119.752620 30.035893
5 119.747597 30.028904
5 119.747597 30.028904
5 119.741751 30.021722
5 119.741751 30.021722
5 119.738789 30.015164
5 119.738789 30.015164
5 119.733826 30.008287
5 119.733826 30.008287
5 119.726953 30.000829
5 119.726953 30.000829
5 119.722910 29.994126
5 119.722910 29.994126
5 119.718050 29.987227
5 119.718050 29.987227
5 119.712104 29.980054
5 119.712104 29.980054
5 119.707274 29.973270
5 119.707274 29.973270
5 119.702518 29.966350
5 119.702518 29.966350
5 119.698869 29.959809
5 119.698869 29.959809
5 119.692986 29.952863
5 119.692986 29.952863
5 119.688289 29.946046
5 119.688289 29.946046
5 119.683664 29.939100
5 119.683664 29.939100
5 119.678166 29.932196
5 119.678166 29.932196
5 119.673612 29.925229
5 119.673612 29.925229
5 119.669006 29.918515
5 119.669006 29.918515
5 119.663381 29.911399
5 119.663381 29.911399
5 119.658886 29.904542
5 119.658886 29.904542
5 119.653340 29.897400
5 119.653340 29.897400
5 119.648827 29.890781
5 119.648827 29.890781
5 119.644429 29.883915
5 119.644429 29.883915
5 119.637919 29.876464
5 119.637919 29.876464
5 119.633550 29.869705
5 119.633550 29.869705
5 119.626278 29.862145
5 119.626278 29.862145
5 119.621985 29.855362
5 119.621985 29.855362
5 119.617721 29.848583
5 119.617721 29.848583
5 119.613533 29.841678
5 119.613533 29.841678
5 119.608282 29.834585
5 119.608282 29.834585
5 119.600965 29.826895
5 119.600965 29.826895
5 119.596797 29.820211
5 119.596797 29.820211
5 119.592705 29.813402
5 119.592705 29.813402
5 119.586824 29.806057
5 119.586824 29.806057
5 119.581718 29.799051
5 119.581718 29.799051
5 119.575616 29.791729
5 119.575616 29.791729
5 119.571667 29.784896
5 119.571667 29.784896
5 119.566675 29.777867
5 119.566675 29.777867
5 119.560901 29.770724
5 119.560901 29.770724
5 119.556752 29.763915
5 119.556752 29.763915
5 119.550040 29.756438
5 119.550040 29.756438
5 119.545102 29.749623
5 119.545102 29.749623
5 119.541261 29.743003
5 119.541261 29.743003
5 119.534629 29.735612
5 119.534629 29.735612
5 119.529853 29.728656
5 119.529853 29.728656
5 119.525064 29.721812
5 119.525064 29.721812
5 119.521359 29.715171
5 119.521359 29.715171
5 119.515644 29.707986
5 119.515644 29.707986
5 119.510908 29.701248
5 119.510908 29.701248
5 119.506566 29.694335
5 119.506566 29.694335
5 119.499931 29.686915
5 119.499931 29.686915
5 119.495365 29.680030
5 119.495365 29.680030
5 119.490834 29.673138
5 119.490834 29.673138
5 119.484576 29.665770
5 119.484576 29.665770
5 119.480178 29.658747
5 119.480178 29.658747
5 119.475649 29.652077
5 119.475649 29.652077
5 119.471323 29.645043
5 119.471323 29.645043
5 119.464279 29.637281
5 119.464279 29.637281
5 119.458962 29.630124
5 119.458962 29.630124
5 119.453985 29.622921
5 119.453985 29.622921
5 119.448752 29.615747
5 119.448752 29.615747
5 119.444512 29.608911
5 119.444512 29.608911
5 119.438651 29.601455
5 119.438651 29.601455
5 119.434546 29.594490
5 119.434546 29.594490
5 119.427543 29.586680
5 119.427543 29.586680
5 119.423689 29.579917
5 119.423689 29.579917
5 119.416844 29.571966
5 119.416844 29.571966
5 119.413705 29.565580
5 119.413705 29.565580
5 119.408746 29.558458
5 119.408746 29.558458
5 119.403012 29.551289
5 119.403012 29.551289
5 119.397028 29.544139
5 119.397028 29.544139
5 119.392237 29.537435
5 119.392237 29.537435
5 119.386150 29.530614
5 119.386150 29.530614
5 119.381302 29.524138
5 119.381302 29.524138
5 119.375234 29.517408
5 119.375234 29.517408
5 119.369366 29.510881
5 119.369366 29.510881
5 119.361450 29.503592
5 119.361450 29.503592
5 119.357325 29.498044
5 119.357325 29.498044
5 119.349367 29.490954
5 119.349367 29.490954
5 119.343391 29.484840
5 119.343391 29.484840
5 119.337163 29.478728
5 119.337163 29.478728
5 119.330238 29.472425
5 119.330238 29.472425
5 119.324828 29.466913
5 119.324828 29.466913
5 119.318277 29.461009
5 119.318277 29.461009
5 119.309943 29.454396
5 119.309943 29.454396
5 119.303477 29.448898
5 119.303477 29.448898
5 119.296389 29.443079
5 119.296389 29.443079
5 119.289918 29.437658
5 119.289918 29.437658
5 119.280950 29.431323
5 119.280950 29.431323
5 119.275404 29.426729
5 119.275404 29.426729
5 119.267084 29.420765
5 119.267084 29.420765
5 119.260589 29.415940
5 119.260589 29.415940
5 119.253329 29.410573
5 119.253329 29.410573
5 119.245892 29.405070
5 119.245892 29.405070
5 119.236921 29.398911
5 119.236921 29.398911
5 119.230532 29.394014
5 119.230532 29.394014
5 119.224800 29.389425
5 119.224800 29.389425
5 119.215931 29.383188
5 119.215931 29.383188
5 119.209546 29.378344
5 119.209546 29.378344
5 119.202138 29.372932
5 119.202138 29.372932
5 119.195879 29.367943
5 119.195879 29.367943
5 119.187615 29.362157
5 119.187615 29.362157
5 119.180505 29.356788
5 119.180505 29.356788
5 119.174168 29.351964
5 119.174168 29.351964
5 119.165999 29.346102
5 119.165999 29.346102
5 119.158075 29.340318
5 119.158075 29.340318
5 119.150999 29.334975
5 119.150999 29.334975
5 119.144486 29.330062
5 119.144486 29.330062
5 119.137379 29.324791
5 119.137379 29.324791
5 119.129494 29.319022
5 119.129494 29.319022
5 119.122248 29.313580
5 119.122248 29.313580
5 119.114341 29.307872
5 119.114341 29.307872
5 119.106465 29.302137
5 119.106465 29.302137
5 119.099429 29.296846
5 119.099429 29.296846
5 119.092127 29.291531
5 119.092127 29.291531
5 119.085941 29.286678
5 119.085941 29.286678
5 119.078895 29.281434
5 119.078895 29.281434
5 119.071589 29.276156
5 119.071589 29.276156
5 119.063018 29.269885
5 119.063018 29.269885
5 119.057343 29.265542
5 119.057343 29.265542
5 119.049619 29.259713
5 119.049619 29.259713
5 119.041751 29.254068
5 119.041751 29.254068
5 119.034777 29.248794
5 119.034777 29.248794
5 119.027550 29.243474
5 119.027550 29.243474
5 119.021316 29.238762
5 119.021316 29.238762
5 119.014331 29.233524
5 119.014331 29.233524
5 119.006410 29.227625
5 119.006410 29.227625
5 118.998619 29.221933
5 118.998619 29.221933
5 118.992385 29.217246
5 118.992385 29.217246
5 118.984463 29.211367
5 118.984463 29.211367
5 118.976757 29.205596
5 118.976757 29.205596
5 118.970414 29.201043
5 118.970414 29.201043
5 118.962761 29.195221
5 118.962761 29.195221
5 118.955611 29.189867
5 118.955611 29.189867
5 118.948577 29.184727
5 118.948577 29.184727
5 118.942224 29.179860
5 118.942224 29.179860
5 118.933197 29.173191
5 118.933197 29.173191
5 118.926795 29.168381
5 118.926795 29.168381
5 118.919766 29.163241
5 118.919766 29.163241
5 118.911940 29.157293
5 118.911940 29.157293
5 118.905695 29.152651
5 118.905695 29.152651
5 118.899285 29.147852
5 118.899285 29.147852
5 118.891519 29.142170
5 118.891519 29.142170
5 118.884608 29.136911
5 118.884608 29.136911
5 118.876178 29.130608
5 118.876178 29.130608
5 118.869216 29.125399
5 118.869216 29.125399
5 118.861284 29.119556
5 118.861284 29.119556
5 118.855093 29.114854
5 118.855093 29.114854
5 118.848008 29.109759
5 118.848008 29.109759
5 118.840152 29.103832
5 118.840152 29.103832
5 118.832502 29.098018
5 118.832502 29.098018
5 118.825481 29.092850
5 118.825481 29.092850
5 118.817785 29.087072
5 118.817785 29.087072
5 118.811335 29.082288
5 118.811335 29.082288
5 118.804388 29.077038
5 118.804388 29.077038
5 118.796660 29.071276
5 118.796660 29.071276
5 118.790171 29.066513
5 118.790171 29.066513
5 118.782600 29.060598
5 118.782600 29.060598
5 118.775427 29.055530
5 118.775427 29.055530
5 118.768313 29.050101
5 118.768313 29.050101
5 118.760609 29.044285
5 118.760609 29.044285
5 118.754121 29.039492
5 118.754121 29.039492
5 118.746457 29.033626
5 118.746457 29.033626
5 118.740068 29.029031
5 118.740068 29.029031
5 118.732862 29.023648
5 118.732862 29.023648
5 118.725167 29.017785
5 118.725167 29.017785
5 118.717498 29.011890
5 118.717498 29.011890
5 118.711187 29.007199
5 118.711187 29.007199
5 118.703846 29.001891
5 118.703846 29.001891
5 118.696257 28.995904
5 118.696257 28.995904
5 118.689619 28.991163
5 118.689619 28.991163
5 118.682506 28.985929
5 118.682506 28.985929
5 118.674875 28.979946
5 118.674875 28.979946
5 118.667806 28.974656
5 118.667806 28.974656
5 118.660489 28.969264
5 118.660489 28.969264
5 118.652709 28.963364
5 118.652709 28.963364
5 118.646347 28.958629
5 118.646347 28.958629
5 118.638338 28.952599
5 118.638338 28.952599
5 118.631267 28.947252
5 118.631267 28.947252
5 118.624217 28.941877
5 118.624217 28.941877
5 118.616280 28.935750
5 118.616280 28.935750
5 118.609787 28.931058
5 118.609787 28.931058
5 118.602062 28.925026
5 118.602062 28.925026
5 118.594713 28.919541
5 118.594713 28.919541
5 118.588155 28.914858
5 118.588155 28.914858
5 118.581000 28.909483
5 118.581000 28.909483
5 118.574328 28.904578
5 118.574328 28.904578
5 118.566596 28.898479
5 118.566596 28.898479
5 118.559383 28.893103
5 118.559383 28.893103
5 118.552044 28.887523
5 118.552044 28.887523
5 118.544759 28.882165
5 118.544759 28.882165
5 118.538058 28.877209
5 118.538058 28.877209
5 118.530810 28.871795
5 118.530810 28.871795
5 118.522982 28.865667
5 118.522982 28.865667
5 118.516222 28.860705
5 118.516222 28.860705
5 118.508440 28.854512
5 118.508440 28.854512
5 118.501152 28.849057
5 118.501152 28.849057
5 118.494447 28.844011
5 118.494447 28.844011
5 118.487668 28.839270
5 118.487668 28.839270
5 118.479850 28.833029
5 118.479850 28.833029
5 118.473541 28.828758
5 118.473541 28.828758
5 118.466208 28.822976
5 118.466208 28.822976
5 118.457640 28.816084
5 118.457640 28.816084
5 118.451646 28.811831
5 118.451646 28.811831
5 118.443698 28.805578
5 118.443698 28.805578
5 118.436778 28.800534
5 118.436778 28.800534
5 118.429441 28.794930
5 118.429441 28.794930
5 118.421570 28.788569
5 118.421570 28.788569
5 118.415256 28.784163
5 118.415256 28.784163
5 118.407859 28.778538
5 118.407859 28.778538
5 118.400342 28.772698
5 118.400342 28.772698
5 118.393538 28.767737
5 118.393538 28.767737
5 118.386061 28.761834
5 118.386061 28.761834
5 118.378622 28.756150
5 118.378622 28.756150
5 118.371195 28.750439
5 118.371195 28.750439
5 118.364203 28.745245
5 118.364203 28.745245
5 118.357483 28.740141
5 118.357483 28.740141
5 118.349856 28.734218
5 118.349856 28.734218
5 118.343454 28.729943
5 118.343454 28.729943
5 118.335864 28.723956
5 118.335864 28.723956
5 118.328428 28.718123
5 118.328428 28.718123
5 118.321935 28.713580
5 118.321935 28.713580
5 118.314543 28.707680
5 118.314543 28.707680
5 118.306902 28.701632
5 118.306902 28.701632
5 118.297994 28.693633
5 118.297994 28.693633
5 118.292469 28.690574
5 118.292469 28.690574
5 118.284898 28.684419
5 118.284898 28.684419
5 118.278368 28.680032
5 118.278368 28.680032
5 118.271211 28.674654
5 118.271211 28.674654
5 118.264207 28.669435
5 118.264207 28.669435
5 118.257083 28.663996
5 118.257083 28.663996
5 118.250102 28.658722
5 118.250102 28.658722
5 118.242388 28.652500
5 118.242388 28.652500
5 118.236177 28.648606
5 118.236177 28.648606
5 118.228128 28.641727
5 118.228128 28.641727
5 118.220598 28.635600
5 118.220598 28.635600
5 118.213446 28.630037
5 118.213446 28.630037
5 118.206793 28.625499
5 118.206793 28.625499
5 118.199555 28.619932
5 118.199555 28.619932
5 118.192446 28.614537
5 118.192446 28.614537
5 118.185712 28.609715
5 118.185712 28.609715
5 118.178030 28.603513
5 118.178030 28.603513
5 118.170725 28.597881
5 118.170725 28.597881
5 118.163682 28.592361
5 118.163682 28.592361
5 118.156275 28.586726
5 118.156275 28.586726
5 118.148800 28.580327
5 118.148800 28.580327
5 118.141302 28.574680
5 118.141302 28.574680
5 118.135469 28.571351
5 118.135469 28.571351
5 118.127782 28.564970
5 118.127782 28.564970
5 118.120460 28.559172
5 118.120460 28.559172
5 118.113731 28.554376
5 118.113731 28.554376
5 118.106763 28.549402
5 118.106763 28.549402
5 118.099350 28.543568
5 118.099350 28.543568
5 118.091325 28.536173
5 118.091325 28.536173
5 118.084709 28.532001
5 118.084709 28.532001
5 118.077031 28.525430
5 118.077031 28.525430
5 118.069703 28.519455
5 118.069703 28.519455
5 118.063559 28.516046
5 118.063559 28.516046
5 118.056229 28.510279
5 118.056229 28.510279
5 118.048818 28.504262
5 118.048818 28.504262
5 118.041952 28.499283
5 118.041952 28.499283
5 118.034860 28.494113
5 118.034860 28.494113
5 118.027597 28.488216
5 118.027597 28.488216
5 118.020116 28.482120
5 118.020116 28.482120
5 118.013488 28.477721
5 118.013488 28.477721
5 118.006558 28.472645
5 118.006558 28.472645
5 117.998984 28.466504
5 117.998984 28.466504
5 117.992391 28.462023
5 117.992391 28.462023
5 117.984962 28.456031
5 117.984962 28.456031
5 117.977846 28.450667
5 117.977846 28.450667
5 117.970041 28.443731
5 117.970041 28.443731
5 117.963367 28.439181
5 117.963367 28.439181
5 117.955768 28.432884
5 117.955768 28.432884
5 117.949109 28.428281
5 117.949109 28.428281
5 117.941642 28.422139
5 117.941642 28.422139
5 117.934352 28.416677
5 117.934352 28.416677
5 117.927731 28.411990
5 117.927731 28.411990
5 117.920171 28.405796
5 117.920171 28.405796
5 117.912545 28.399338
5 117.912545 28.399338
5 117.906065 28.395559
5 117.906065 28.395559
5 117.898325 28.388310
5 117.898325 28.388310
5 117.891501 28.383566
5 117.891501 28.383566
5 117.884174 28.377928
5 117.884174 28.377928
5 117.877089 28.372444
5 117.877089 28.372444
5 117.870158 28.367660
5 117.870158 28.367660
5 117.863238 28.362847
5 117.863238 28.362847
5 117.855968 28.357086
5 117.855968 28.357086
5 117.848446 28.350598
5 117.848446 28.350598
5 117.840720 28.343882
5 117.840720 28.343882
5 117.834209 28.339878
5 117.834209 28.339878
5 117.826392 28.332354
5 117.826392 28.332354
5 117.819758 28.328338
5 117.819758 28.328338
5 117.811504 28.319843
5 117.811504 28.319843
5 117.798641 28.312611
5 117.798641 28.312611
5 117.790559 28.304751
5 117.790559 28.304751
5 117.783507 28.299690
5 117.783507 28.299690
5 117.776697 28.294798
5 117.776697 28.294798
5 117.769523 28.289721
5 117.769523 28.289721
5 117.762507 28.284575
5 117.762507 28.284575
5 117.755180 28.278442
5 117.755180 28.278442
5 117.748055 28.273272
5 117.748055 28.273272
5 117.740840 28.267315
5 117.740840 28.267315
5 117.733416 28.261122
5 117.733416 28.261122
5 117.726333 28.255860
5 117.726333 28.255860
5 117.719575 28.251540
5 117.719575 28.251540
5 117.712275 28.245495
5 117.712275 28.245495
5 117.705537 28.241122
5 117.705537 28.241122
5 117.698053 28.234805
5 117.698053 28.234805
5 117.690888 28.229433
5 117.690888 28.229433
5 117.683287 28.222030
5 117.683287 28.222030
5 117.676450 28.217580
5 117.676450 28.217580
5 117.669402 28.212365
5 117.669402 28.212365
5 117.662293 28.206873
5 117.662293 28.206873
5 117.655349 28.202376
5 117.655349 28.202376
5 117.647980 28.195831
5 117.647980 28.195831
5 117.640492 28.189282
5 117.640492 28.189282
5 117.633575 28.184703
5 117.633575 28.184703
5 117.626468 28.179343
5 117.626468 28.179343
5 117.619444 28.173672
5 117.619444 28.173672
5 117.612023 28.166993
5 117.612023 28.166993
5 117.604882 28.161292
5 117.604882 28.161292
5 117.597905 28.155530
5 117.597905 28.155530
5 117.591068 28.150784
5 117.591068 28.150784
5 117.583980 28.144994
5 117.583980 28.144994
5 117.577156 28.140197
5 117.577156 28.140197
5 117.570492 28.135345
5 117.570492 28.135345
5 117.563252 28.128701
5 117.563252 28.128701
5 117.556222 28.122794
5 117.556222 28.122794
5 117.549058 28.116885
5 117.549058 28.116885
5 117.541909 28.110946
5 117.541909 28.110946
5 117.535170 28.105985
5 117.535170 28.105985
5 117.528050 28.099988
5 117.528050 28.099988
5 117.521285 28.096068
5 117.521285 28.096068
5 117.514331 28.089989
5 117.514331 28.089989
5 117.507174 28.084192
5 117.507174 28.084192
5 117.500517 28.079913
5 117.500517 28.079913
5 117.492928 28.071957
5 117.492928 28.071957
5 117.486126 28.066836
5 117.486126 28.066836
5 117.478972 28.060656
5 117.478972 28.060656
5 117.471835 28.054445
5 117.471835 28.054445
5 117.465000 28.050351
5 117.465000 28.050351
5 117.458031 28.044060
5 117.458031 28.044060
5 117.450578 28.036718
5 117.450578 28.036718
5 117.443925 28.032524
5 117.443925 28.032524
5 117.436560 28.025385
5 117.436560 28.025385
5 117.429736 28.020895
5 117.429736 28.020895
5 117.422962 28.016652
5 117.422962 28.016652
5 117.415796 28.010230
5 117.415796 28.010230
5 117.408847 28.004025
5 117.408847 28.004025
5 117.401915 27.999457
5 117.401915 27.999457
5 117.394845 27.993218
5 117.394845 27.993218
5 117.387934 27.988601
5 117.387934 27.988601
5 117.380893 27.982304
5 117.380893 27.982304
5 117.374003 27.977637
5 117.374003 27.977637
5 117.366660 27.970207
5 117.366660 27.970207
5 117.359795 27.965488
5 117.359795 27.965488
5 117.352676 27.959093
5 117.352676 27.959093
5 117.345531 27.952391
5 117.345531 27.952391
5 117.338892 27.949826
5 117.338892 27.949826
5 117.332083 27.944162
5 117.332083 27.944162
5 117.324400 27.935467
5 117.324400 27.935467
5 117.317768 27.931709
5 117.317768 27.931709
5 117.310710 27.925996
5 117.310710 27.925996
5 117.303676 27.920255
5 117.303676 27.920255
5 117.296530 27.913647
5 117.296530 27.913647
5 117.289516 27.907850
5 117.289516 27.907850
5 117.282226 27.900915
5 117.282226 27.900915
5 117.275504 27.898181
5 117.275504 27.898181
5 117.268384 27.891175
5 117.268384 27.891175
5 117.261283 27.885285
5 117.261283 27.885285
5 117.254093 27.878515
5 117.254093 27.878515
5 117.247125 27.873423
5 117.247125 27.873423
5 117.240335 27.869733
5 117.240335 27.869733
5 117.233146 27.862594
5 117.233146 27.862594
5 117.225988 27.855422
5 117.225988 27.855422
5 117.219101 27.850515
5 117.219101 27.850515
5 117.212195 27.846751
5 117.212195 27.846751
5 117.205184 27.841813
5 117.205184 27.841813
5 117.198413 27.837708
5 117.198413 27.837708
5 117.191527 27.833886
5 117.191527 27.833886
5 117.184076 27.824238
5 117.184076 27.824238
5 117.176592 27.813673
5 117.176592 27.813673
5 117.169744 27.809770
5 117.169744 27.809770
5 117.162839 27.806737
5 117.162839 27.806737
5 117.155798 27.800456
5 117.155798 27.800456
5 117.148458 27.792102
5 117.148458 27.792102
5 117.141631 27.787820
5 117.141631 27.787820
5 117.134683 27.783823
5 117.134683 27.783823
5 117.127468 27.776262
5 117.127468 27.776262
5 117.120504 27.769844
5 117.120504 27.769844
5 117.113434 27.765788
5 117.113434 27.765788
5 117.106569 27.760210
5 117.106569 27.760210
5 117.099353 27.753731
5 117.099353 27.753731
5 117.092384 27.748409
5 117.092384 27.748409
5 117.085350 27.741867
5 117.085350 27.741867
5 117.078326 27.737702
5 117.078326 27.737702
5 117.071321 27.731108
5 117.071321 27.731108
5 117.064190 27.724493
5 117.064190 27.724493
5 117.057131 27.719055
5 117.057131 27.719055
5 117.050140 27.714501
5 117.050140 27.714501
5 117.043102 27.709019
5 117.043102 27.709019
5 117.036030 27.702297
5 117.036030 27.702297
5 117.029019 27.696765
5 117.029019 27.696765
5 117.021929 27.692433
5 117.021929 27.692433
5 117.014940 27.686856
5 117.014940 27.686856
5 117.008103 27.684622
5 117.008103 27.684622
5 117.000996 27.675323
5 117.000996 27.675323
5 116.993609 27.665071
5 116.993609 27.665071
5 116.986744 27.661545
5 116.986744 27.661545
5 116.979715 27.657082
5 116.979715 27.657082
5 116.972661 27.651362
5 116.972661 27.651362
5 116.965561 27.643140
5 116.965561 27.643140
5 116.958612 27.640783
5 116.958612 27.640783
