4 121.037060 30.932589
4 121.037060 30.932589
4 121.029188 30.930610
4 121.029188 30.930610
4 121.022272 30.931242
4 121.022272 30.931242
4 121.016653 30.934853
4 121.016653 30.934853
4 121.009458 30.932521
4 121.009458 30.932521
4 121.001880 30.927504
4 121.001880 30.927504
4 120.995443 30.923645
4 120.995443 30.923645
4 120.989099 30.917928
4 120.989099 30.917928
4 120.983542 30.912280
4 120.983542 30.912280
4 120.979303 30.909812
4 120.979303 30.909812
4 120.974925 30.906229
4 120.974925 30.906229
4 120.970481 30.901747
4 120.970481 30.901747
4 120.965254 30.893996
4 120.965254 30.893996
4 120.960283 30.886894
4 120.960283 30.886894
4 120.956451 30.883920
4 120.956451 30.883920
4 120.952397 30.880316
4 120.952397 30.880316
4 120.947665 30.874583
4 120.947665 30.874583
4 120.942037 30.866320
4 120.942037 30.866320
4 120.936829 30.859586
4 120.936829 30.859586
4 120.932640 30.855605
4 120.932640 30.855605
4 120.928759 30.852246
4 120.928759 30.852246
4 120.923715 30.845973
4 120.923715 30.845973
4 120.918033 30.837810
4 120.918033 30.837810
4 120.912866 30.830911
4 120.912866 30.830911
4 120.908915 30.827156
4 120.908915 30.827156
4 120.904333 30.821739
4 120.904333 30.821739
4 120.899954 30.816507
4 120.899954 30.816507
4 120.896376 30.813832
4 120.896376 30.813832
4 120.892552 30.810310
4 120.892552 30.810310
4 120.887167 30.802629
4 120.887167 30.802629
4 120.882230 30.795988
4 120.882230 30.795988
4 120.877960 30.791475
4 120.877960 30.791475
4 120.872998 30.785100
4 120.872998 30.785100
4 120.869358 30.782038
4 120.869358 30.782038
4 120.865207 30.777751
4 120.865207 30.777751
4 120.861047 30.773477
4 120.861047 30.773477
4 120.855734 30.766103
4 120.855734 30.766103
4 120.851100 30.760613
4 120.851100 30.760613
4 120.846987 30.756589
4 120.846987 30.756589
4 120.842760 30.752148
4 120.842760 30.752148
4 120.837304 30.744873
4 120.837304 30.744873
4 120.832164 30.738437
4 120.832164 30.738437
4 120.828496 30.735237
4 120.828496 30.735237
4 120.824572 30.732361
4 120.824572 30.732361
4 120.818328 30.726329
4 120.818328 30.726329
4 120.812630 30.724069
4 120.812630 30.724069
4 120.807487 30.723253
4 120.807487 30.723253
4 120.801079 30.721259
4 120.801079 30.721259
4 120.793481 30.717383
4 120.793481 30.717383
4 120.785595 30.713633
4 120.785595 30.713633
4 120.779893 30.715361
4 120.779893 30.715361
4 120.773291 30.715110
4 120.773291 30.715110
4 120.765079 30.711083
4 120.765079 30.711083
4 120.758157 30.709836
4 120.758157 30.709836
4 120.751696 30.709584
4 120.751696 30.709584
4 120.743503 30.705858
4 120.743503 30.705858
4 120.734666 30.700801
4 120.734666 30.700801
4 120.728226 30.700828
4 120.728226 30.700828
4 120.720710 30.698760
4 120.720710 30.698760
4 120.714461 30.699198
4 120.714461 30.699198
4 120.705751 30.694893
4 120.705751 30.694893
4 120.697007 30.690412
4 120.697007 30.690412
4 120.690805 30.691113
4 120.690805 30.691113
4 120.685853 30.694728
4 120.685853 30.694728
4 120.677502 30.691075
4 120.677502 30.691075
4 120.669840 30.689213
4 120.669840 30.689213
4 120.662376 30.687748
4 120.662376 30.687748
4 120.653403 30.683304
4 120.653403 30.683304
4 120.645371 30.680770
4 120.645371 30.680770
4 120.638754 30.681061
4 120.638754 30.681061
4 120.631229 30.679714
4 120.631229 30.679714
4 120.622772 30.676754
4 120.622772 30.676754
4 120.614581 30.674166
4 120.614581 30.674166
4 120.606572 30.671980
4 120.606572 30.671980
4 120.598446 30.669427
4 120.598446 30.669427
4 120.590639 30.667658
4 120.590639 30.667658
4 120.581762 30.663923
4 120.581762 30.663923
4 120.575214 30.664561
4 120.575214 30.664561
4 120.567768 30.663379
4 120.567768 30.663379
4 120.559929 30.661505
4 120.559929 30.661505
4 120.551419 30.658403
4 120.551419 30.658403
4 120.543297 30.656048
4 120.543297 30.656048
4 120.536055 30.655320
4 120.536055 30.655320
4 120.528621 30.654256
4 120.528621 30.654256
4 120.520766 30.652306
4 120.520766 30.652306
4 120.513010 30.650558
4 120.513010 30.650558
4 120.504886 30.648344
4 120.504886 30.648344
4 120.497133 30.646650
4 120.497133 30.646650
4 120.489350 30.645211
4 120.489350 30.645211
4 120.481602 30.643568
4 120.481602 30.643568
4 120.473493 30.641463
4 120.473493 30.641463
4 120.465749 30.639875
4 120.465749 30.639875
4 120.457410 30.637287
4 120.457410 30.637287
4 120.449495 30.635617
4 120.449495 30.635617
4 120.441866 30.634275
4 120.441866 30.634275
4 120.433795 30.632090
4 120.433795 30.632090
4 120.425560 30.629797
4 120.425560 30.629797
4 120.416988 30.626838
4 120.416988 30.626838
4 120.408790 30.624808
4 120.408790 30.624808
4 120.400686 30.622556
4 120.400686 30.622556
4 120.393136 30.621351
4 120.393136 30.621351
4 120.385579 30.620175
4 120.385579 30.620175
4 120.377278 30.617683
4 120.377278 30.617683
4 120.369432 30.616066
4 120.369432 30.616066
4 120.361133 30.613639
4 120.361133 30.613639
4 120.353039 30.611570
4 120.353039 30.611570
4 120.344994 30.609720
4 120.344994 30.609720
4 120.337379 30.608325
4 120.337379 30.608325
4 120.329198 30.606184
4 120.329198 30.606184
4 120.321009 30.604080
4 120.321009 30.604080
4 120.313141 30.602480
4 120.313141 30.602480
4 120.305650 30.601350
4 120.305650 30.601350
4 120.297054 30.598711
4 120.297054 30.598711
4 120.288115 30.595450
4 120.288115 30.595450
4 120.280737 30.594565
4 120.280737 30.594565
4 120.272771 30.592965
4 120.272771 30.592965
4 120.264628 30.590865
4 120.264628 30.590865
4 120.257472 30.590365
4 120.257472 30.590365
4 120.249474 30.588667
4 120.249474 30.588667
4 120.241279 30.586692
4 120.241279 30.586692
4 120.232664 30.584145
4 120.232664 30.584145
4 120.224113 30.581604
4 120.224113 30.581604
4 120.215924 30.579736
4 120.215924 30.579736
4 120.208709 30.579029
4 120.208709 30.579029
4 120.201013 30.577784
4 120.201013 30.577784
4 120.192401 30.575420
4 120.192401 30.575420
4 120.184252 30.573461
4 120.184252 30.573461
4 120.175990 30.571395
4 120.175990 30.571395
4 120.166662 30.567907
4 120.166662 30.567907
4 120.159000 30.566610
4 120.159000 30.566610
4 120.150923 30.564760
4 120.150923 30.564760
4 120.142363 30.562196
4 120.142363 30.562196
4 120.134651 30.560416
4 120.134651 30.560416
4 120.126669 30.557602
4 120.126669 30.557602
4 120.119201 30.554324
4 120.119201 30.554324
4 120.111904 30.550366
4 120.111904 30.550366
4 120.104749 30.545947
4 120.104749 30.545947
4 120.098120 30.541654
4 120.098120 30.541654
4 120.091161 30.535735
4 120.091161 30.535735
4 120.084483 30.529666
4 120.084483 30.529666
4 120.079277 30.524575
4 120.079277 30.524575
4 120.074671 30.519124
4 120.074671 30.519124
4 120.068408 30.511381
4 120.068408 30.511381
4 120.063498 30.504456
4 120.063498 30.504456
4 120.059019 30.497880
4 120.059019 30.497880
4 120.053919 30.490643
4 120.053919 30.490643
4 120.049423 30.484060
4 120.049423 30.484060
4 120.045888 30.478748
4 120.045888 30.478748
4 120.041446 30.472326
4 120.041446 30.472326
4 120.036368 30.465251
4 120.036368 30.465251
4 120.031620 30.458374
4 120.031620 30.458374
4 120.026525 30.451290
4 120.026525 30.451290
4 120.021509 30.444358
4 120.021509 30.444358
4 120.017054 30.437896
4 120.017054 30.437896
4 120.013183 30.432105
4 120.013183 30.432105
4 120.008169 30.425139
4 120.008169 30.425139
4 120.003302 30.418277
4 120.003302 30.418277
4 119.998575 30.411522
4 119.998575 30.411522
4 119.993615 30.404479
4 119.993615 30.404479
4 119.988865 30.397714
4 119.988865 30.397714
4 119.984465 30.391348
4 119.984465 30.391348
4 119.980333 30.385219
4 119.980333 30.385219
4 119.974690 30.377500
4 119.974690 30.377500
4 119.970215 30.370921
4 119.970215 30.370921
4 119.965770 30.364531
4 119.965770 30.364531
4 119.961221 30.357976
4 119.961221 30.357976
4 119.957030 30.351818
4 119.957030 30.351818
4 119.952185 30.345463
4 119.952185 30.345463
4 119.944732 30.337444
4 119.944732 30.337444
4 119.937886 30.331726
4 119.937886 30.331726
4 119.932161 30.327683
4 119.932161 30.327683
4 119.924716 30.322935
4 119.924716 30.322935
4 119.916482 30.318380
4 119.916482 30.318380
4 119.909837 30.315605
4 119.909837 30.315605
4 119.902154 30.312297
4 119.902154 30.312297
4 119.893186 30.307965
4 119.893186 30.307965
4 119.885206 30.304495
4 119.885206 30.304495
4 119.877363 30.301177
4 119.877363 30.301177
4 119.869624 30.297800
4 119.869624 30.297800
4 119.862558 30.295062
4 119.862558 30.295062
4 119.854218 30.291066
4 119.854218 30.291066
4 119.846609 30.287658
4 119.846609 30.287658
4 119.838714 30.284048
4 119.838714 30.284048
4 119.830771 30.280267
4 119.830771 30.280267
4 119.822825 30.276516
4 119.822825 30.276516
4 119.814647 30.272272
4 119.814647 30.272272
4 119.806716 30.267826
4 119.806716 30.267826
4 119.798932 30.263018
4 119.798932 30.263018
4 119.791200 30.257682
4 119.791200 30.257682
4 119.784318 30.252295
4 119.784318 30.252295
4 119.778952 30.247701
4 119.778952 30.247701
4 119.773000 30.242417
4 119.773000 30.242417
4 119.767325 30.236605
4 119.767325 30.236605
4 119.760703 30.229680
4 119.760703 30.229680
4 119.755344 30.223521
4 119.755344 30.223521
4 119.749469 30.216316
4 119.749469 30.216316
4 119.743633 30.208781
4 119.743633 30.208781
4 119.739176 30.202142
4 119.739176 30.202142
4 119.734880 30.195566
4 119.734880 30.195566
4 119.729984 30.188524
4 119.729984 30.188524
4 119.724491 30.181006
4 119.724491 30.181006
4 119.719806 30.174196
4 119.719806 30.174196
4 119.715776 30.167728
4 119.715776 30.167728
4 119.710745 30.160674
4 119.710745 30.160674
4 119.705449 30.153322
4 119.705449 30.153322
4 119.700410 30.146194
4 119.700410 30.146194
4 119.695329 30.139071
4 119.695329 30.139071
4 119.691485 30.132758
4 119.691485 30.132758
4 119.686826 30.125920
4 119.686826 30.125920
4 119.681379 30.118520
4 119.681379 30.118520
4 119.676031 30.111244
4 119.676031 30.111244
4 119.671796 30.104648
4 119.671796 30.104648
4 119.667039 30.097750
4 119.667039 30.097750
4 119.662608 30.091008
4 119.662608 30.091008
4 119.657524 30.083822
4 119.657524 30.083822
4 119.652072 30.076437
4 119.652072 30.076437
4 119.646561 30.069072
4 119.646561 30.069072
4 119.640717 30.061461
4 119.640717 30.061461
4 119.636670 30.054916
4 119.636670 30.054916
4 119.632253 30.048178
4 119.632253 30.048178
4 119.625963 30.040352
4 119.625963 30.040352
4 119.620864 30.033133
4 119.620864 30.033133
4 119.616138 30.026325
4 119.616138 30.026325
4 119.611664 30.019460
4 119.611664 30.019460
4 119.607099 30.012662
4 119.607099 30.012662
4 119.601894 30.005370
4 119.601894 30.005370
4 119.596809 29.998186
4 119.596809 29.998186
4 119.592746 29.991539
4 119.592746 29.991539
4 119.586876 29.983988
4 119.586876 29.983988
4 119.581336 29.976590
4 119.581336 29.976590
4 119.576091 29.969395
4 119.576091 29.969395
4 119.572197 29.962970
4 119.572197 29.962970
4 119.568134 29.956395
4 119.568134 29.956395
4 119.563810 29.949792
4 119.563810 29.949792
4 119.557570 29.942057
4 119.557570 29.942057
4 119.552309 29.934943
4 119.552309 29.934943
4 119.548683 29.928568
4 119.548683 29.928568
4 119.543722 29.921611
4 119.543722 29.921611
4 119.537853 29.914141
4 119.537853 29.914141
4 119.533417 29.907362
4 119.533417 29.907362
4 119.528574 29.900408
4 119.528574 29.900408
4 119.523319 29.893282
4 119.523319 29.893282
4 119.517357 29.885687
4 119.517357 29.885687
4 119.512995 29.878922
4 119.512995 29.878922
4 119.508596 29.872156
4 119.508596 29.872156
4 119.502329 29.864451
4 119.502329 29.864451
4 119.497120 29.857300
4 119.497120 29.857300
4 119.493369 29.850857
4 119.493369 29.850857
4 119.490027 29.844482
4 119.490027 29.844482
4 119.483439 29.836614
4 119.483439 29.836614
4 119.479446 29.829989
4 119.479446 29.829989
4 119.473921 29.822619
4 119.473921 29.822619
4 119.468316 29.815310
4 119.468316 29.815310
4 119.462721 29.807907
4 119.462721 29.807907
4 119.458818 29.801275
4 119.458818 29.801275
4 119.454910 29.794590
4 119.454910 29.794590
4 119.449404 29.787234
4 119.449404 29.787234
4 119.443879 29.779833
4 119.443879 29.779833
4 119.439647 29.773084
4 119.439647 29.773084
4 119.434222 29.765785
4 119.434222 29.765785
4 119.428946 29.758579
4 119.428946 29.758579
4 119.423820 29.751466
4 119.423820 29.751466
4 119.418652 29.744353
4 119.418652 29.744353
4 119.415066 29.737852
4 119.415066 29.737852
4 119.410274 29.730803
4 119.410274 29.730803
4 119.406211 29.724149
4 119.406211 29.724149
4 119.400522 29.716792
4 119.400522 29.716792
4 119.395563 29.709832
4 119.395563 29.709832
4 119.389776 29.702497
4 119.389776 29.702497
4 119.384993 29.695510
4 119.384993 29.695510
4 119.380369 29.688618
4 119.380369 29.688618
4 119.374500 29.681191
4 119.374500 29.681191
4 119.369198 29.674016
4 119.369198 29.674016
4 119.364265 29.667005
4 119.364265 29.667005
4 119.359554 29.659963
4 119.359554 29.659963
4 119.354804 29.652920
4 119.354804 29.652920
4 119.350432 29.646035
4 119.350432 29.646035
4 119.345833 29.639031
4 119.345833 29.639031
4 119.340346 29.631725
4 119.340346 29.631725
4 119.334599 29.624355
4 119.334599 29.624355
4 119.330779 29.617546
4 119.330779 29.617546
4 119.324106 29.609841
4 119.324106 29.609841
4 119.318726 29.602465
4 119.318726 29.602465
4 119.314808 29.595616
4 119.314808 29.595616
4 119.311508 29.588982
4 119.311508 29.588982
4 119.306024 29.581568
4 119.306024 29.581568
4 119.300297 29.574034
4 119.300297 29.574034
4 119.294053 29.566436
4 119.294053 29.566436
4 119.289546 29.559349
4 119.289546 29.559349
4 119.284778 29.552198
4 119.284778 29.552198
4 119.279745 29.544985
4 119.279745 29.544985
4 119.275734 29.538246
4 119.275734 29.538246
4 119.270095 29.531095
4 119.270095 29.531095
4 119.263891 29.523998
4 119.263891 29.523998
4 119.258086 29.517058
4 119.258086 29.517058
4 119.251992 29.510113
4 119.251992 29.510113
4 119.246026 29.503386
4 119.246026 29.503386
4 119.240020 29.496662
4 119.240020 29.496662
4 119.234155 29.490136
4 119.234155 29.490136
4 119.227766 29.483560
4 119.227766 29.483560
4 119.221083 29.476994
4 119.221083 29.476994
4 119.214518 29.470696
4 119.214518 29.470696
4 119.209002 29.464914
4 119.209002 29.464914
4 119.202338 29.458705
4 119.202338 29.458705
4 119.195403 29.452449
4 119.195403 29.452449
4 119.191896 29.447213
4 119.191896 29.447213
4 119.184568 29.441171
4 119.184568 29.441171
4 119.176243 29.434965
4 119.176243 29.434965
4 119.170691 29.429509
4 119.170691 29.429509
4 119.162436 29.423655
4 119.162436 29.423655
4 119.155749 29.418370
4 119.155749 29.418370
4 119.149546 29.413088
4 119.149546 29.413088
4 119.141870 29.407531
4 119.141870 29.407531
4 119.133681 29.401881
4 119.133681 29.401881
4 119.126404 29.396490
4 119.126404 29.396490
4 119.120070 29.391273
4 119.120070 29.391273
4 119.113946 29.386125
4 119.113946 29.386125
4 119.104910 29.380330
4 119.104910 29.380330
4 119.097553 29.374821
4 119.097553 29.374821
4 119.089418 29.369231
4 119.089418 29.369231
4 119.085156 29.364382
4 119.085156 29.364382
4 119.076000 29.358556
4 119.076000 29.358556
4 119.069252 29.353207
4 119.069252 29.353207
4 119.062960 29.347976
4 119.062960 29.347976
4 119.054696 29.342301
4 119.054696 29.342301
4 119.048617 29.337029
4 119.048617 29.337029
4 119.041756 29.331682
4 119.041756 29.331682
4 119.032152 29.325815
4 119.032152 29.325815
4 119.025744 29.320481
4 119.025744 29.320481
4 119.018085 29.314852
4 119.018085 29.314852
4 119.013335 29.309939
4 119.013335 29.309939
4 119.005609 29.304342
4 119.005609 29.304342
4 118.999091 29.299004
4 118.999091 29.299004
4 118.992777 29.293787
4 118.992777 29.293787
4 118.985963 29.288361
4 118.985963 29.288361
4 118.977345 29.282705
4 118.977345 29.282705
4 118.970727 29.277296
4 118.970727 29.277296
4 118.963810 29.271930
4 118.963810 29.271930
4 118.956863 29.266572
4 118.956863 29.266572
4 118.950403 29.261250
4 118.950403 29.261250
4 118.942388 29.255696
4 118.942388 29.255696
4 118.934872 29.250112
4 118.934872 29.250112
4 118.927548 29.244719
4 118.927548 29.244719
4 118.921995 29.239555
4 118.921995 29.239555
4 118.915402 29.234185
4 118.915402 29.234185
4 118.908791 29.228758
4 118.908791 29.228758
4 118.902137 29.223408
4 118.902137 29.223408
4 118.895204 29.217981
4 118.895204 29.217981
4 118.886945 29.212380
4 118.886945 29.212380
4 118.879956 29.206917
4 118.879956 29.206917
4 118.873184 29.201568
4 118.873184 29.201568
4 118.865348 29.196033
4 118.865348 29.196033
4 118.859315 29.190693
4 118.859315 29.190693
4 118.852983 29.185393
4 118.852983 29.185393
4 118.845843 29.179946
4 118.845843 29.179946
4 118.837101 29.174260
4 118.837101 29.174260
4 118.831749 29.168998
4 118.831749 29.168998
4 118.825832 29.163755
4 118.825832 29.163755
4 118.816993 29.158063
4 118.816993 29.158063
4 118.810503 29.152654
4 118.810503 29.152654
4 118.803452 29.147201
4 118.803452 29.147201
4 118.794499 29.141573
4 118.794499 29.141573
4 118.787921 29.136148
4 118.787921 29.136148
4 118.783458 29.130956
4 118.783458 29.130956
4 118.775750 29.125447
4 118.775750 29.125447
4 118.768546 29.120010
4 118.768546 29.120010
4 118.761587 29.114551
4 118.761587 29.114551
4 118.752973 29.108959
4 118.752973 29.108959
4 118.746225 29.103496
4 118.746225 29.103496
4 118.740534 29.098134
4 118.740534 29.098134
4 118.735898 29.092946
4 118.735898 29.092946
4 118.727700 29.087406
4 118.727700 29.087406
4 118.719741 29.081901
4 118.719741 29.081901
4 118.710935 29.076234
4 118.710935 29.076234
4 118.703183 29.070728
4 118.703183 29.070728
4 118.696497 29.065320
4 118.696497 29.065320
4 118.690891 29.059950
4 118.690891 29.059950
4 118.686366 29.054656
4 118.686366 29.054656
4 118.678772 29.049165
4 118.678772 29.049165
4 118.671145 29.043692
4 118.671145 29.043692
4 118.660706 29.038003
4 118.660706 29.038003
4 118.656078 29.032689
4 118.656078 29.032689
4 118.648635 29.027222
4 118.648635 29.027222
4 118.641719 29.021802
4 118.641719 29.021802
4 118.635900 29.016393
4 118.635900 29.016393
4 118.628650 29.010914
4 118.628650 29.010914
4 118.621371 29.005397
4 118.621371 29.005397
4 118.615470 29.000024
4 118.615470 29.000024
4 118.607281 28.994491
4 118.607281 28.994491
4 118.601327 28.989080
4 118.601327 28.989080
4 118.593932 28.983488
4 118.593932 28.983488
4 118.585074 28.977987
4 118.585074 28.977987
4 118.576748 28.972539
4 118.576748 28.972539
4 118.571255 28.967066
4 118.571255 28.967066
4 118.566596 28.961692
4 118.566596 28.961692
4 118.559043 28.956242
4 118.559043 28.956242
4 118.548003 28.950657
4 118.548003 28.950657
4 118.541535 28.945212
4 118.541535 28.945212
4 118.536199 28.939741
4 118.536199 28.939741
4 118.529968 28.934324
4 118.529968 28.934324
4 118.521969 28.928889
4 118.521969 28.928889
4 118.513937 28.923409
4 118.513937 28.923409
4 118.506164 28.917952
4 118.506164 28.917952
4 118.500113 28.912459
4 118.500113 28.912459
4 118.493742 28.907046
4 118.493742 28.907046
4 118.487053 28.901571
4 118.487053 28.901571
4 118.482101 28.896127
4 118.482101 28.896127
4 118.475360 28.890611
4 118.475360 28.890611
4 118.469182 28.885047
4 118.469182 28.885047
4 118.459131 28.879632
4 118.459131 28.879632
4 118.451707 28.874164
4 118.451707 28.874164
4 118.448710 28.868626
4 118.448710 28.868626
4 118.440938 28.863192
4 118.440938 28.863192
4 118.434922 28.857615
4 118.434922 28.857615
4 118.429182 28.852126
4 118.429182 28.852126
4 118.419823 28.846682
4 118.419823 28.846682
4 118.412828 28.841227
4 118.412828 28.841227
4 118.408511 28.835679
4 118.408511 28.835679
4 118.400561 28.830263
4 118.400561 28.830263
4 118.391670 28.824748
4 118.391670 28.824748
4 118.383652 28.819243
4 118.383652 28.819243
4 118.377420 28.813703
4 118.377420 28.813703
4 118.370254 28.808270
4 118.370254 28.808270
4 118.366103 28.802704
4 118.366103 28.802704
4 118.358274 28.797240
4 118.358274 28.797240
4 118.347356 28.791838
4 118.347356 28.791838
4 118.340069 28.786331
4 118.340069 28.786331
4 118.335209 28.780758
4 118.335209 28.780758
4 118.324180 28.775418
4 118.324180 28.775418
4 118.317113 28.769946
4 118.317113 28.769946
4 118.312177 28.764342
4 118.312177 28.764342
4 118.306298 28.758839
4 118.306298 28.758839
4 118.296053 28.753481
4 118.296053 28.753481
4 118.289495 28.747972
4 118.289495 28.747972
4 118.284467 28.742396
4 118.284467 28.742396
4 118.278802 28.736932
4 118.278802 28.736932
4 118.269671 28.731523
4 118.269671 28.731523
4 118.264578 28.725975
4 118.264578 28.725975
4 118.256635 28.720458
4 118.256635 28.720458
4 118.248352 28.715049
4 118.248352 28.715049
4 118.238779 28.709736
4 118.238779 28.709736
4 118.230742 28.704285
4 118.230742 28.704285
4 118.224892 28.698769
4 118.224892 28.698769
4 118.221553 28.693096
4 118.221553 28.693096
4 118.214391 28.687609
4 118.214391 28.687609
4 118.207520 28.682122
4 118.207520 28.682122
4 118.200624 28.676648
4 118.200624 28.676648
4 118.193064 28.671225
4 118.193064 28.671225
4 118.184193 28.665858
4 118.184193 28.665858
4 118.178497 28.660320
4 118.178497 28.660320
4 118.171807 28.654749
4 118.171807 28.654749
4 118.163490 28.649373
4 118.163490 28.649373
4 118.158372 28.643823
4 118.158372 28.643823
4 118.155158 28.637986
4 118.155158 28.637986
4 118.145150 28.632782
4 118.145150 28.632782
4 118.136396 28.627439
4 118.136396 28.627439
4 118.128252 28.621986
4 118.128252 28.621986
4 118.122369 28.616471
4 118.122369 28.616471
4 118.117109 28.610842
4 118.117109 28.610842
4 118.114116 28.605010
4 118.114116 28.605010
4 118.105874 28.599605
4 118.105874 28.599605
4 118.100552 28.593936
4 118.100552 28.593936
4 118.087991 28.588977
4 118.087991 28.588977
4 118.081296 28.583401
4 118.081296 28.583401
4 118.075244 28.577832
4 118.075244 28.577832
4 118.072472 28.571936
4 118.072472 28.571936
4 118.060426 28.566937
4 118.060426 28.566937
4 118.052312 28.561550
4 118.052312 28.561550
4 118.046832 28.555946
4 118.046832 28.555946
4 118.039324 28.550451
4 118.039324 28.550451
4 118.033120 28.544814
4 118.033120 28.544814
4 118.027907 28.539146
4 118.027907 28.539146
4 118.018331 28.533979
4 118.018331 28.533979
4 118.011391 28.528452
4 118.011391 28.528452
4 118.004094 28.522986
4 118.004094 28.522986
4 117.998442 28.517262
4 117.998442 28.517262
4 117.987733 28.512227
4 117.987733 28.512227
4 117.986766 28.506012
4 117.986766 28.506012
4 117.980720 28.500354
4 117.980720 28.500354
4 117.971958 28.495112
4 117.971958 28.495112
4 117.957720 28.490448
4 117.957720 28.490448
4 117.949570 28.485169
4 117.949570 28.485169
4 117.938989 28.480087
4 117.938989 28.480087
4 117.934859 28.474228
4 117.934859 28.474228
4 117.927291 28.468770
4 117.927291 28.468770
4 117.925183 28.462645
4 117.925183 28.462645
4 117.922032 28.456598
4 117.922032 28.456598
4 117.912360 28.451509
4 117.912360 28.451509
4 117.906772 28.445805
4 117.906772 28.445805
4 117.901512 28.440060
4 117.901512 28.440060
4 117.895879 28.434308
4 117.895879 28.434308
4 117.888155 28.428859
4 117.888155 28.428859
4 117.879724 28.423588
4 117.879724 28.423588
4 117.873672 28.417854
4 117.873672 28.417854
4 117.864831 28.412592
4 117.864831 28.412592
4 117.861187 28.406579
4 117.861187 28.406579
4 117.850195 28.401606
4 117.850195 28.401606
4 117.843373 28.396084
4 117.843373 28.396084
4 117.836866 28.390447
4 117.836866 28.390447
4 117.829302 28.385055
4 117.829302 28.385055
4 117.818189 28.380167
4 117.818189 28.380167
4 117.816540 28.373789
4 117.816540 28.373789
4 117.811365 28.367979
4 117.811365 28.367979
4 117.807940 28.361884
4 117.807940 28.361884
4 117.801678 28.356254
4 117.801678 28.356254
4 117.798928 28.349990
4 117.798928 28.349990
4 117.790489 28.344648
4 117.790489 28.344648
4 117.784872 28.338864
4 117.784872 28.338864
4 117.773548 28.334085
4 117.773548 28.334085
4 117.760023 28.329574
4 117.760023 28.329574
4 117.753619 28.323952
4 117.753619 28.323952
4 117.748269 28.318147
4 117.748269 28.318147
4 117.746478 28.311668
4 117.746478 28.311668
4 117.742170 28.305623
4 117.742170 28.305623
4 117.730650 28.300834
4 117.730650 28.300834
4 117.720192 28.295955
4 117.720192 28.295955
4 117.708965 28.291161
4 117.708965 28.291161
4 117.702392 28.285482
4 117.702392 28.285482
4 117.703424 28.278497
4 117.703424 28.278497
4 117.697930 28.272690
4 117.697930 28.272690
4 117.680771 28.268963
4 117.680771 28.268963
4 117.669023 28.264277
4 117.669023 28.264277
4 117.661995 28.258789
4 117.661995 28.258789
4 117.644410 28.241490
4 117.644410 28.241490
4 117.641334 28.235200
4 117.641334 28.235200
4 117.634925 28.229489
4 117.634925 28.229489
4 117.626286 28.224208
4 117.626286 28.224208
4 117.608200 28.213861
4 117.608200 28.213861
