11 118.419196 31.787436
11 118.419196 31.787436
11 118.413327 31.788320
11 118.413327 31.788320
11 118.406874 31.785766
11 118.406874 31.785766
11 118.400890 31.786037
11 118.400890 31.786037
11 118.394737 31.783479
11 118.394737 31.783479
11 118.388177 31.779570
11 118.388177 31.779570
11 118.382482 31.779678
11 118.382482 31.779678
11 118.376942 31.778983
11 118.376942 31.778983
11 118.371018 31.776935
11 118.371018 31.776935
11 118.365581 31.777654
11 118.365581 31.777654
11 118.359652 31.774853
11 118.359652 31.774853
11 118.353685 31.772700
11 118.353685 31.772700
11 118.348013 31.771300
11 118.348013 31.771300
11 118.342350 31.771611
11 118.342350 31.771611
11 118.336436 31.769803
11 118.336436 31.769803
11 118.330077 31.766536
11 118.330077 31.766536
11 118.324185 31.765680
11 118.324185 31.765680
11 118.318178 31.764241
11 118.318178 31.764241
11 118.311984 31.762691
11 118.311984 31.762691
11 118.306327 31.763052
11 118.306327 31.763052
11 118.299927 31.760497
11 118.299927 31.760497
11 118.293701 31.758845
11 118.293701 31.758845
11 118.287719 31.757624
11 118.287719 31.757624
11 118.281581 31.756441
11 118.281581 31.756441
11 118.275171 31.753966
11 118.275171 31.753966
11 118.269485 31.754982
11 118.269485 31.754982
11 118.263043 31.752398
11 118.263043 31.752398
11 118.256944 31.751413
11 118.256944 31.751413
11 118.250341 31.748897
11 118.250341 31.748897
11 118.244107 31.747376
11 118.244107 31.747376
11 118.238378 31.748140
11 118.238378 31.748140
11 118.231803 31.745823
11 118.231803 31.745823
11 118.225828 31.745473
11 118.225828 31.745473
11 118.219374 31.743756
11 118.219374 31.743756
11 118.213547 31.744129
11 118.213547 31.744129
11 118.206439 31.739520
11 118.206439 31.739520
11 118.200678 31.740195
11 118.200678 31.740195
11 118.194578 31.739351
11 118.194578 31.739351
11 118.188019 31.736596
11 118.188019 31.736596
11 118.181844 31.735513
11 118.181844 31.735513
11 118.175394 31.733924
11 118.175394 31.733924
11 118.169088 31.732329
11 118.169088 31.732329
11 118.163239 31.732649
11 118.163239 31.732649
11 118.156657 31.730571
11 118.156657 31.730571
11 118.149964 31.728116
11 118.149964 31.728116
11 118.143698 31.726729
11 118.143698 31.726729
11 118.137366 31.725789
11 118.137366 31.725789
11 118.131012 31.724730
11 118.131012 31.724730
11 118.124490 31.723027
11 118.124490 31.723027
11 118.118314 31.722108
11 118.118314 31.722108
11 118.111500 31.719950
11 118.111500 31.719950
11 118.105145 31.718963
11 118.105145 31.718963
11 118.098620 31.717344
11 118.098620 31.717344
11 118.092427 31.717041
11 118.092427 31.717041
11 118.085763 31.714944
11 118.085763 31.714944
11 118.079478 31.714284
11 118.079478 31.714284
11 118.072922 31.712077
11 118.072922 31.712077
11 118.066393 31.710562
11 118.066393 31.710562
11 118.060289 31.710052
11 118.060289 31.710052
11 118.053657 31.707663
11 118.053657 31.707663
11 118.047092 31.706086
11 118.047092 31.706086
11 118.040776 31.704877
11 118.040776 31.704877
11 118.034496 31.703812
11 118.034496 31.703812
11 118.027642 31.701308
11 118.027642 31.701308
11 118.021507 31.701303
11 118.021507 31.701303
11 118.014757 31.698698
11 118.014757 31.698698
11 118.008298 31.697623
11 118.008298 31.697623
11 118.002019 31.696658
11 118.002019 31.696658
11 117.995440 31.695260
11 117.995440 31.695260
11 117.988989 31.693728
11 117.988989 31.693728
11 117.982526 31.692222
11 117.982526 31.692222
11 117.976321 31.690553
11 117.976321 31.690553
11 117.970190 31.689144
11 117.970190 31.689144
11 117.963874 31.686656
11 117.963874 31.686656
11 117.957960 31.684989
11 117.957960 31.684989
11 117.951703 31.682794
11 117.951703 31.682794
11 117.945682 31.681325
11 117.945682 31.681325
11 117.939431 31.679180
11 117.939431 31.679180
11 117.932972 31.676487
11 117.932972 31.676487
11 117.927065 31.675438
11 117.927065 31.675438
11 117.920870 31.673110
11 117.920870 31.673110
11 117.914711 31.670925
11 117.914711 31.670925
11 117.908477 31.669035
11 117.908477 31.669035
11 117.901913 31.665774
11 117.901913 31.665774
11 117.896096 31.664202
11 117.896096 31.664202
11 117.890006 31.662357
11 117.890006 31.662357
11 117.883984 31.660274
11 117.883984 31.660274
11 117.878060 31.658069
11 117.878060 31.658069
11 117.872397 31.656186
11 117.872397 31.656186
11 117.866453 31.653553
11 117.866453 31.653553
11 117.860867 31.651092
11 117.860867 31.651092
11 117.855403 31.648986
11 117.855403 31.648986
11 117.849790 31.646101
11 117.849790 31.646101
11 117.844235 31.642987
11 117.844235 31.642987
11 117.838726 31.640490
11 117.838726 31.640490
11 117.833329 31.637866
11 117.833329 31.637866
11 117.828046 31.635593
11 117.828046 31.635593
11 117.822146 31.631855
11 117.822146 31.631855
11 117.816692 31.628851
11 117.816692 31.628851
11 117.811513 31.626148
11 117.811513 31.626148
11 117.806186 31.622802
11 117.806186 31.622802
11 117.800587 31.618856
11 117.800587 31.618856
11 117.795385 31.615527
11 117.795385 31.615527
11 117.790412 31.612744
11 117.790412 31.612744
11 117.785052 31.609164
11 117.785052 31.609164
11 117.779863 31.605673
11 117.779863 31.605673
11 117.774581 31.602360
11 117.774581 31.602360
11 117.769464 31.599135
11 117.769464 31.599135
11 117.764582 31.595738
11 117.764582 31.595738
11 117.759582 31.591815
11 117.759582 31.591815
11 117.754664 31.587771
11 117.754664 31.587771
11 117.750246 31.584161
11 117.750246 31.584161
11 117.745462 31.579524
11 117.745462 31.579524
11 117.740855 31.575317
11 117.740855 31.575317
11 117.735957 31.570295
11 117.735957 31.570295
11 117.731513 31.566542
11 117.731513 31.566542
11 117.726939 31.562268
11 117.726939 31.562268
11 117.722425 31.557872
11 117.722425 31.557872
11 117.717853 31.553755
11 117.717853 31.553755
11 117.713217 31.549566
11 117.713217 31.549566
11 117.708372 31.544770
11 117.708372 31.544770
11 117.703466 31.540258
11 117.703466 31.540258
11 117.698515 31.535431
11 117.698515 31.535431
11 117.693647 31.530828
11 117.693647 31.530828
11 117.688670 31.526413
11 117.688670 31.526413
11 117.683952 31.521907
11 117.683952 31.521907
11 117.678898 31.517211
11 117.678898 31.517211
11 117.673752 31.512458
11 117.673752 31.512458
11 117.669019 31.508139
11 117.669019 31.508139
11 117.663843 31.503203
11 117.663843 31.503203
11 117.658885 31.498668
11 117.658885 31.498668
11 117.653654 31.493801
11 117.653654 31.493801
11 117.648575 31.489244
11 117.648575 31.489244
11 117.643784 31.485172
11 117.643784 31.485172
11 117.638427 31.480067
11 117.638427 31.480067
11 117.633028 31.475004
11 117.633028 31.475004
11 117.627857 31.470333
11 117.627857 31.470333
11 117.622848 31.465964
11 117.622848 31.465964
11 117.617434 31.460848
11 117.617434 31.460848
11 117.612059 31.455854
11 117.612059 31.455854
11 117.606838 31.451165
11 117.606838 31.451165
11 117.601331 31.445911
11 117.601331 31.445911
11 117.595986 31.440957
11 117.595986 31.440957
11 117.591122 31.436247
11 117.591122 31.436247
11 117.586092 31.431146
11 117.586092 31.431146
11 117.581154 31.425753
11 117.581154 31.425753
11 117.576033 31.420226
11 117.576033 31.420226
11 117.570579 31.414149
11 117.570579 31.414149
11 117.565970 31.408961
11 117.565970 31.408961
11 117.560692 31.403042
11 117.560692 31.403042
11 117.555707 31.397328
11 117.555707 31.397328
11 117.550964 31.391978
11 117.550964 31.391978
11 117.546155 31.386413
11 117.546155 31.386413
11 117.541032 31.380793
11 117.541032 31.380793
11 117.535843 31.374957
11 117.535843 31.374957
11 117.530755 31.369316
11 117.530755 31.369316
11 117.525821 31.363702
11 117.525821 31.363702
11 117.521060 31.358364
11 117.521060 31.358364
11 117.515803 31.352570
11 117.515803 31.352570
11 117.510583 31.346881
11 117.510583 31.346881
11 117.504966 31.340666
11 117.504966 31.340666
11 117.500107 31.335114
11 117.500107 31.335114
11 117.494583 31.328954
11 117.494583 31.328954
11 117.489868 31.323691
11 117.489868 31.323691
11 117.484671 31.317820
11 117.484671 31.317820
11 117.479827 31.312363
11 117.479827 31.312363
11 117.474966 31.306769
11 117.474966 31.306769
11 117.469705 31.301056
11 117.469705 31.301056
11 117.465081 31.295818
11 117.465081 31.295818
11 117.460478 31.290264
11 117.460478 31.290264
11 117.455289 31.284456
11 117.455289 31.284456
11 117.449916 31.278351
11 117.449916 31.278351
11 117.445462 31.272765
11 117.445462 31.272765
11 117.440619 31.266903
11 117.440619 31.266903
11 117.436455 31.261318
11 117.436455 31.261318
11 117.432443 31.255725
11 117.432443 31.255725
11 117.428221 31.249837
11 117.428221 31.249837
11 117.423948 31.243965
11 117.423948 31.243965
11 117.419730 31.238011
11 117.419730 31.238011
11 117.415927 31.232102
11 117.415927 31.232102
11 117.411974 31.226297
11 117.411974 31.226297
11 117.407696 31.220291
11 117.407696 31.220291
11 117.403927 31.214554
11 117.403927 31.214554
11 117.400009 31.208763
11 117.400009 31.208763
11 117.395954 31.202908
11 117.395954 31.202908
11 117.392309 31.197421
11 117.392309 31.197421
11 117.388627 31.191771
11 117.388627 31.191771
11 117.384896 31.186297
11 117.384896 31.186297
11 117.380734 31.180227
11 117.380734 31.180227
11 117.376905 31.174609
11 117.376905 31.174609
11 117.372836 31.168693
11 117.372836 31.168693
11 117.369390 31.163270
11 117.369390 31.163270
11 117.365128 31.157648
11 117.365128 31.157648
11 117.360916 31.152280
11 117.360916 31.152280
11 117.356476 31.147306
11 117.356476 31.147306
11 117.350915 31.141952
11 117.350915 31.141952
11 117.346035 31.137597
11 117.346035 31.137597
11 117.340035 31.132877
11 117.340035 31.132877
11 117.334421 31.128793
11 117.334421 31.128793
11 117.328597 31.124946
11 117.328597 31.124946
11 117.322354 31.121039
11 117.322354 31.121039
11 117.315495 31.117125
11 117.315495 31.117125
11 117.308938 31.113604
11 117.308938 31.113604
11 117.302808 31.110705
11 117.302808 31.110705
11 117.295742 31.107456
11 117.295742 31.107456
11 117.289477 31.104563
11 117.289477 31.104563
11 117.282795 31.101633
11 117.282795 31.101633
11 117.275653 31.098334
11 117.275653 31.098334
11 117.269050 31.095531
11 117.269050 31.095531
11 117.261554 31.092136
11 117.261554 31.092136
11 117.255020 31.089473
11 117.255020 31.089473
11 117.247094 31.086090
11 117.247094 31.086090
11 117.239914 31.083333
11 117.239914 31.083333
11 117.232221 31.080494
11 117.232221 31.080494
11 117.225551 31.078100
11 117.225551 31.078100
11 117.218553 31.075568
11 117.218553 31.075568
11 117.211111 31.072858
11 117.211111 31.072858
11 117.203650 31.070200
11 117.203650 31.070200
11 117.195498 31.067088
11 117.195498 31.067088
11 117.188919 31.064659
11 117.188919 31.064659
11 117.180400 31.061494
11 117.180400 31.061494
11 117.173360 31.058930
11 117.173360 31.058930
11 117.165826 31.056040
11 117.165826 31.056040
11 117.158054 31.053095
11 117.158054 31.053095
11 117.150488 31.050288
11 117.150488 31.050288
11 117.143411 31.047613
11 117.143411 31.047613
11 117.135473 31.044755
11 117.135473 31.044755
11 117.127474 31.041777
11 117.127474 31.041777
11 117.120190 31.039013
11 117.120190 31.039013
11 117.112439 31.036106
11 117.112439 31.036106
11 117.103880 31.032928
11 117.103880 31.032928
11 117.096151 31.029994
11 117.096151 31.029994
11 117.088736 31.027245
11 117.088736 31.027245
11 117.080285 31.024140
11 117.080285 31.024140
11 117.072259 31.021268
11 117.072259 31.021268
11 117.064731 31.018486
11 117.064731 31.018486
11 117.056838 31.015623
11 117.056838 31.015623
11 117.049098 31.012722
11 117.049098 31.012722
11 117.041099 31.009794
11 117.041099 31.009794
11 117.032788 31.006671
11 117.032788 31.006671
11 117.025203 31.003994
11 117.025203 31.003994
11 117.017128 31.000917
11 117.017128 31.000917
11 117.008271 30.997792
11 117.008271 30.997792
11 117.000955 30.995079
11 117.000955 30.995079
11 116.992799 30.992146
11 116.992799 30.992146
11 116.985252 30.989318
11 116.985252 30.989318
11 116.977394 30.986590
11 116.977394 30.986590
11 116.969631 30.983940
11 116.969631 30.983940
11 116.961444 30.981356
11 116.961444 30.981356
11 116.953262 30.979101
11 116.953262 30.979101
11 116.945092 30.977177
11 116.945092 30.977177
11 116.936510 30.975328
11 116.936510 30.975328
11 116.928308 30.973904
11 116.928308 30.973904
11 116.920013 30.972789
11 116.920013 30.972789
11 116.910844 30.971634
11 116.910844 30.971634
11 116.903185 30.971042
11 116.903185 30.971042
11 116.894934 30.970347
11 116.894934 30.970347
11 116.886005 30.969417
11 116.886005 30.969417
11 116.878001 30.968874
11 116.878001 30.968874
11 116.870073 30.968122
11 116.870073 30.968122
11 116.861751 30.967473
11 116.861751 30.967473
11 116.853739 30.966666
11 116.853739 30.966666
11 116.844494 30.965796
11 116.844494 30.965796
11 116.837205 30.965221
11 116.837205 30.965221
11 116.828714 30.964466
11 116.828714 30.964466
11 116.820587 30.963816
11 116.820587 30.963816
11 116.812848 30.963159
11 116.812848 30.963159
11 116.803906 30.962339
11 116.803906 30.962339
11 116.795593 30.961545
11 116.795593 30.961545
11 116.787639 30.960855
11 116.787639 30.960855
11 116.779443 30.960174
11 116.779443 30.960174
11 116.770884 30.959491
11 116.770884 30.959491
11 116.762105 30.958693
11 116.762105 30.958693
11 116.754555 30.957978
11 116.754555 30.957978
11 116.746518 30.957244
11 116.746518 30.957244
11 116.738113 30.956514
11 116.738113 30.956514
11 116.730817 30.955818
11 116.730817 30.955818
11 116.722181 30.955030
11 116.722181 30.955030
11 116.714008 30.954467
11 116.714008 30.954467
11 116.706474 30.953748
11 116.706474 30.953748
11 116.697840 30.952972
11 116.697840 30.952972
11 116.689444 30.952269
11 116.689444 30.952269
11 116.681895 30.951679
11 116.681895 30.951679
11 116.673757 30.950826
11 116.673757 30.950826
11 116.665721 30.950153
11 116.665721 30.950153
11 116.658046 30.949555
11 116.658046 30.949555
11 116.650252 30.948857
11 116.650252 30.948857
11 116.641841 30.948172
11 116.641841 30.948172
11 116.634408 30.947452
11 116.634408 30.947452
11 116.625861 30.946856
11 116.625861 30.946856
11 116.618908 30.946098
11 116.618908 30.946098
11 116.610596 30.945465
11 116.610596 30.945465
11 116.603014 30.944769
11 116.603014 30.944769
11 116.595421 30.944248
11 116.595421 30.944248
11 116.587703 30.943504
11 116.587703 30.943504
11 116.579483 30.942927
11 116.579483 30.942927
11 116.572482 30.942259
11 116.572482 30.942259
11 116.563999 30.941643
11 116.563999 30.941643
11 116.556241 30.940933
11 116.556241 30.940933
11 116.548352 30.940402
11 116.548352 30.940402
11 116.540324 30.939656
11 116.540324 30.939656
11 116.531795 30.939095
11 116.531795 30.939095
11 116.523990 30.938432
11 116.523990 30.938432
11 116.516050 30.937807
11 116.516050 30.937807
11 116.507844 30.937120
11 116.507844 30.937120
11 116.499254 30.936490
11 116.499254 30.936490
11 116.491384 30.935742
11 116.491384 30.935742
11 116.482880 30.935067
11 116.482880 30.935067
11 116.474858 30.934417
11 116.474858 30.934417
11 116.467056 30.933658
11 116.467056 30.933658
11 116.458360 30.932884
11 116.458360 30.932884
11 116.450033 30.932265
11 116.450033 30.932265
11 116.441427 30.931572
11 116.441427 30.931572
11 116.433426 30.930880
11 116.433426 30.930880
11 116.424628 30.930048
11 116.424628 30.930048
11 116.416452 30.929336
11 116.416452 30.929336
11 116.407617 30.928607
11 116.407617 30.928607
11 116.398783 30.928056
11 116.398783 30.928056
11 116.390285 30.927386
11 116.390285 30.927386
11 116.381996 30.926600
11 116.381996 30.926600
11 116.373539 30.925753
11 116.373539 30.925753
11 116.364588 30.925160
11 116.364588 30.925160
11 116.355592 30.924488
11 116.355592 30.924488
11 116.347172 30.923641
11 116.347172 30.923641
11 116.338232 30.922932
11 116.338232 30.922932
11 116.329868 30.922040
11 116.329868 30.922040
11 116.321259 30.921363
11 116.321259 30.921363
11 116.311317 30.920712
11 116.311317 30.920712
11 116.303137 30.919927
11 116.303137 30.919927
11 116.294369 30.919028
11 116.294369 30.919028
11 116.284980 30.918427
11 116.284980 30.918427
11 116.275627 30.917614
11 116.275627 30.917614
11 116.266911 30.916852
11 116.266911 30.916852
11 116.257884 30.916073
11 116.257884 30.916073
11 116.248956 30.915312
11 116.248956 30.915312
11 116.239465 30.914605
11 116.239465 30.914605
11 116.231080 30.913687
11 116.231080 30.913687
11 116.222124 30.912805
11 116.222124 30.912805
11 116.213018 30.912017
11 116.213018 30.912017
11 116.203758 30.911315
11 116.203758 30.911315
11 116.194470 30.910663
11 116.194470 30.910663
11 116.185876 30.909757
11 116.185876 30.909757
11 116.176953 30.908830
11 116.176953 30.908830
11 116.167673 30.908197
11 116.167673 30.908197
11 116.157553 30.907697
11 116.157553 30.907697
11 116.148759 30.906755
11 116.148759 30.906755
11 116.140108 30.905938
11 116.140108 30.905938
11 116.130878 30.905210
11 116.130878 30.905210
11 116.122509 30.904260
11 116.122509 30.904260
11 116.112790 30.903630
11 116.112790 30.903630
11 116.103807 30.902822
11 116.103807 30.902822
11 116.094538 30.902140
11 116.094538 30.902140
11 116.085831 30.901196
11 116.085831 30.901196
11 116.076455 30.900505
11 116.076455 30.900505
11 116.067433 30.899741
11 116.067433 30.899741
11 116.058330 30.898914
11 116.058330 30.898914
11 116.048687 30.898319
11 116.048687 30.898319
11 116.039398 30.897648
11 116.039398 30.897648
11 116.030791 30.896630
11 116.030791 30.896630
11 116.021062 30.896207
11 116.021062 30.896207
11 116.012598 30.895079
11 116.012598 30.895079
11 116.003783 30.894266
11 116.003783 30.894266
11 115.994362 30.893576
11 115.994362 30.893576
11 115.985745 30.892757
11 115.985745 30.892757
11 115.976590 30.891900
11 115.976590 30.891900
11 115.967471 30.891219
11 115.967471 30.891219
11 115.958521 30.890372
11 115.958521 30.890372
11 115.949477 30.889742
11 115.949477 30.889742
11 115.940404 30.888874
11 115.940404 30.888874
11 115.931237 30.888226
11 115.931237 30.888226
11 115.923142 30.887018
11 115.923142 30.887018
11 115.913986 30.886300
11 115.913986 30.886300
11 115.904413 30.885805
11 115.904413 30.885805
11 115.895522 30.884909
11 115.895522 30.884909
11 115.886081 30.884287
11 115.886081 30.884287
11 115.877395 30.883372
11 115.877395 30.883372
11 115.868089 30.882624
11 115.868089 30.882624
11 115.859604 30.881675
11 115.859604 30.881675
11 115.850118 30.881098
11 115.850118 30.881098
11 115.841304 30.880075
11 115.841304 30.880075
11 115.831627 30.879660
11 115.831627 30.879660
11 115.823617 30.878469
11 115.823617 30.878469
11 115.813736 30.877931
11 115.813736 30.877931
11 115.804688 30.877175
11 115.804688 30.877175
11 115.796267 30.876136
11 115.796267 30.876136
11 115.787161 30.875467
11 115.787161 30.875467
11 115.777748 30.874698
11 115.777748 30.874698
11 115.768982 30.873922
11 115.768982 30.873922
11 115.759908 30.873047
11 115.759908 30.873047
11 115.751409 30.872045
11 115.751409 30.872045
11 115.741888 30.871475
11 115.741888 30.871475
11 115.732813 30.870850
11 115.732813 30.870850
11 115.724423 30.869731
11 115.724423 30.869731
11 115.715397 30.868831
11 115.715397 30.868831
11 115.706162 30.868232
11 115.706162 30.868232
11 115.697698 30.867241
11 115.697698 30.867241
11 115.688068 30.866781
11 115.688068 30.866781
11 115.679739 30.865619
11 115.679739 30.865619
11 115.670322 30.865104
11 115.670322 30.865104
11 115.661146 30.864484
11 115.661146 30.864484
11 115.652126 30.863650
11 115.652126 30.863650
11 115.643827 30.862569
11 115.643827 30.862569
11 115.635024 30.861662
11 115.635024 30.861662
11 115.625130 30.861437
11 115.625130 30.861437
11 115.616586 30.860266
11 115.616586 30.860266
11 115.607534 30.859278
11 115.607534 30.859278
11 115.598856 30.858086
11 115.598856 30.858086
11 115.588644 30.857561
11 115.588644 30.857561
11 115.580842 30.855375
11 115.580842 30.855375
11 115.571862 30.853799
11 115.571862 30.853799
11 115.563569 30.851646
11 115.563569 30.851646
11 115.554221 30.850025
11 115.554221 30.850025
11 115.546185 30.847573
11 115.546185 30.847573
11 115.537539 30.845206
11 115.537539 30.845206
11 115.528636 30.842855
11 115.528636 30.842855
11 115.519887 30.840262
11 115.519887 30.840262
11 115.512019 30.837266
11 115.512019 30.837266
11 115.503575 30.834166
11 115.503575 30.834166
11 115.494833 30.831278
11 115.494833 30.831278
11 115.487703 30.827311
11 115.487703 30.827311
11 115.478822 30.824381
11 115.478822 30.824381
11 115.471602 30.820156
11 115.471602 30.820156
11 115.463400 30.816608
11 115.463400 30.816608
11 115.455637 30.812605
11 115.455637 30.812605
11 115.447618 30.808613
11 115.447618 30.808613
11 115.439445 30.804745
11 115.439445 30.804745
11 115.432920 30.799726
11 115.432920 30.799726
11 115.425031 30.795497
11 115.425031 30.795497
11 115.417728 30.790690
11 115.417728 30.790690
11 115.410651 30.785901
11 115.410651 30.785901
11 115.402611 30.781618
11 115.402611 30.781618
11 115.396217 30.776354
11 115.396217 30.776354
11 115.388573 30.771800
11 115.388573 30.771800
11 115.381206 30.767064
11 115.381206 30.767064
11 115.373918 30.762440
11 115.373918 30.762440
11 115.367673 30.756900
11 115.367673 30.756900
11 115.359345 30.753021
11 115.359345 30.753021
11 115.351770 30.748434
11 115.351770 30.748434
11 115.344911 30.743338
11 115.344911 30.743338
11 115.337316 30.738785
11 115.337316 30.738785
11 115.329993 30.734026
11 115.329993 30.734026
11 115.322510 30.729387
11 115.322510 30.729387
11 115.315409 30.724649
11 115.315409 30.724649
11 115.309396 30.718963
11 115.309396 30.718963
11 115.301130 30.714898
11 115.301130 30.714898
11 115.294045 30.709980
11 115.294045 30.709980
11 115.286354 30.705517
11 115.286354 30.705517
11 115.279245 30.700620
11 115.279245 30.700620
11 115.272683 30.695503
11 115.272683 30.695503
11 115.265708 30.690512
11 115.265708 30.690512
11 115.258119 30.685985
11 115.258119 30.685985
11 115.250203 30.681691
11 115.250203 30.681691
11 115.243040 30.676845
11 115.243040 30.676845
11 115.235410 30.672357
11 115.235410 30.672357
11 115.227295 30.668221
11 115.227295 30.668221
11 115.220407 30.663179
11 115.220407 30.663179
11 115.213518 30.658151
11 115.213518 30.658151
11 115.207650 30.652520
11 115.207650 30.652520
11 115.199490 30.648440
11 115.199490 30.648440
11 115.191937 30.643899
11 115.191937 30.643899
11 115.184373 30.639371
11 115.184373 30.639371
11 115.176858 30.634641
11 115.176858 30.634641
11 115.169754 30.629784
11 115.169754 30.629784
11 115.162634 30.624930
11 115.162634 30.624930
11 115.155665 30.619963
11 115.155665 30.619963
11 115.148856 30.614888
11 115.148856 30.614888
11 115.141225 30.610424
11 115.141225 30.610424
11 115.134717 30.605113
11 115.134717 30.605113
11 115.126909 30.600799
11 115.126909 30.600799
11 115.118754 30.596740
11 115.118754 30.596740
11 115.111731 30.591825
11 115.111731 30.591825
11 115.104871 30.586799
11 115.104871 30.586799
11 115.097997 30.581772
11 115.097997 30.581772
11 115.090950 30.576878
11 115.090950 30.576878
11 115.083239 30.572506
11 115.083239 30.572506
11 115.076341 30.567502
11 115.076341 30.567502
11 115.069206 30.562862
11 115.069206 30.562862
11 115.062126 30.558000
11 115.062126 30.558000
11 115.056055 30.552376
11 115.056055 30.552376
11 115.048794 30.547656
11 115.048794 30.547656
11 115.040846 30.543467
11 115.040846 30.543467
11 115.033401 30.538905
11 115.033401 30.538905
11 115.026963 30.533554
11 115.026963 30.533554
11 115.018640 30.529664
11 115.018640 30.529664
11 115.011778 30.524826
11 115.011778 30.524826
11 115.004633 30.520027
11 115.004633 30.520027
11 114.997487 30.515242
11 114.997487 30.515242
11 114.990327 30.510458
11 114.990327 30.510458
11 114.983958 30.505240
11 114.983958 30.505240
11 114.977133 30.500197
11 114.977133 30.500197
11 114.968309 30.496900
11 114.968309 30.496900
11 114.961844 30.491931
11 114.961844 30.491931
11 114.954151 30.487938
11 114.954151 30.487938
11 114.946009 30.484460
11 114.946009 30.484460
11 114.936977 30.481704
11 114.936977 30.481704
11 114.929901 30.477761
11 114.929901 30.477761
11 114.920892 30.475711
11 114.920892 30.475711
11 114.913279 30.472546
11 114.913279 30.472546
11 114.904266 30.470875
11 114.904266 30.470875
11 114.896654 30.468079
11 114.896654 30.468079
11 114.887888 30.466403
11 114.887888 30.466403
11 114.879007 30.464660
11 114.879007 30.464660
11 114.871284 30.462162
11 114.871284 30.462162
11 114.861578 30.461285
11 114.861578 30.461285
11 114.853111 30.459414
11 114.853111 30.459414
11 114.844988 30.457269
11 114.844988 30.457269
11 114.836213 30.455496
11 114.836213 30.455496
11 114.828244 30.453243
11 114.828244 30.453243
11 114.818893 30.451957
11 114.818893 30.451957
11 114.810796 30.449653
11 114.810796 30.449653
11 114.801885 30.448213
11 114.801885 30.448213
11 114.792489 30.447005
11 114.792489 30.447005
11 114.784714 30.444458
11 114.784714 30.444458
11 114.774384 30.444066
11 114.774384 30.444066
11 114.766865 30.441495
11 114.766865 30.441495
11 114.758950 30.438913
11 114.749845 30.437518
11 114.749845 30.437518
11 114.740006 30.436781
11 114.740006 30.436781
11 114.732147 30.434341
11 114.732147 30.434341
11 114.723738 30.432396
11 114.723738 30.432396
11 114.716850 30.428949
11 114.716850 30.428949
11 114.707495 30.427826
11 114.707495 30.427826
11 114.698029 30.426648
11 114.698029 30.426648
11 114.690296 30.424135
11 114.690296 30.424135
11 114.680172 30.423739
11 114.680172 30.423739
11 114.670840 30.422471
11 114.670840 30.422471
11 114.662230 30.420578
11 114.662230 30.420578
11 114.654160 30.418214
11 114.654160 30.418214
11 114.645525 30.416359
11 114.645525 30.416359
11 114.639761 30.412143
11 114.639761 30.412143
11 114.629441 30.411809
11 114.629441 30.411809
11 114.622252 30.408679
11 114.622252 30.408679
11 114.612459 30.407897
11 114.612459 30.407897
11 114.604508 30.405466
11 114.604508 30.405466
11 114.595245 30.404230
11 114.595245 30.404230
11 114.584482 30.404375
11 114.584482 30.404375
11 114.578170 30.400472
11 114.578170 30.400472
11 114.569615 30.398621
11 114.569615 30.398621
11 114.558250 30.399365
11 114.558250 30.399365
11 114.549189 30.397822
11 114.549189 30.397822
11 114.542653 30.394136
11 114.542653 30.394136
11 114.535550 30.390976
11 114.535550 30.390976
11 114.526375 30.389743
11 114.526375 30.389743
11 114.516143 30.389325
11 114.516143 30.389325
11 114.508258 30.386911
11 114.508258 30.386911
11 114.500176 30.384687
11 114.500176 30.384687
11 114.490658 30.383635
11 114.490658 30.383635
11 114.483687 30.380377
11 114.483687 30.380377
11 114.475279 30.378293
11 114.475279 30.378293
11 114.465266 30.377927
11 114.465266 30.377927
11 114.455692 30.376960
11 114.455692 30.376960
11 114.448115 30.374296
11 114.448115 30.374296
11 114.440233 30.371740
11 114.440233 30.371740
11 114.431772 30.369745
11 114.431772 30.369745
11 114.423674 30.367394
11 114.423674 30.367394
11 114.413669 30.366904
11 114.413669 30.366904
11 114.404141 30.366157
11 114.404141 30.366157
11 114.396019 30.363866
11 114.396019 30.363866
11 114.386733 30.362702
11 114.386733 30.362702
11 114.378974 30.360069
11 114.378974 30.360069
11 114.370049 30.358569
11 114.370049 30.358569
11 114.362464 30.355775
11 114.362464 30.355775
11 114.353335 30.354504
11 114.353335 30.354504
11 114.344271 30.352976
11 114.344271 30.352976
11 114.337154 30.349923
11 114.337154 30.349923
11 114.328647 30.347854
11 114.328647 30.347854
11 114.318706 30.347427
11 114.318706 30.347427
11 114.310868 30.344899
11 114.310868 30.344899
11 114.302450 30.342969
11 114.302450 30.342969
11 114.293249 30.341833
11 114.293249 30.341833
11 114.284223 30.340517
11 114.284223 30.340517
11 114.274495 30.339727
11 114.274495 30.339727
11 114.266730 30.337361
11 114.266730 30.337361
11 114.258154 30.335435
11 114.258154 30.335435
11 114.248893 30.334393
11 114.248893 30.334393
11 114.241382 30.331590
11 114.241382 30.331590
11 114.231796 30.330703
11 114.231796 30.330703
11 114.225321 30.326635
11 114.225321 30.326635
11 114.214858 30.326874
11 114.214858 30.326874
11 114.207783 30.323426
11 114.207783 30.323426
11 114.196787 30.324033
11 114.196787 30.324033
11 114.188836 30.321711
11 114.188836 30.321711
11 114.182525 30.317479
11 114.182525 30.317479
11 114.172280 30.317338
11 114.172280 30.317338
11 114.163006 30.316198
11 114.163006 30.316198
11 114.154116 30.314667
11 114.154116 30.314667
11 114.146407 30.311918
11 114.146407 30.311918
11 114.136711 30.311248
11 114.136711 30.311248
11 114.127399 30.310186
11 114.127399 30.310186
11 114.119460 30.307679
11 114.119460 30.307679
11 114.112307 30.304344
11 114.112307 30.304344
11 114.101186 30.305225
11 114.101186 30.305225
11 114.093818 30.302125
11 114.093818 30.302125
11 114.085064 30.300521
11 114.085064 30.300521
11 114.074583 30.300545
11 114.074583 30.300545
11 114.069781 30.294703
11 114.069781 30.294703
11 114.060604 30.293567
11 114.060604 30.293567
11 114.050292 30.293435
11 114.050292 30.293435
11 114.041373 30.291826
11 114.041373 30.291826
11 114.034159 30.288580
11 114.034159 30.288580
11 114.023625 30.288736
11 114.023625 30.288736
11 114.015996 30.285947
11 114.015996 30.285947
11 114.006243 30.285275
11 114.006243 30.285275
11 113.998199 30.282948
11 113.998199 30.282948
11 113.987625 30.283196
11 113.987625 30.283196
11 113.979364 30.281120
11 113.979364 30.281120
11 113.973187 30.276532
11 113.973187 30.276532
11 113.964318 30.275145
11 113.964318 30.275145
11 113.953898 30.275247
11 113.953898 30.275247
11 113.944888 30.273815
11 113.944888 30.273815
11 113.935668 30.272625
11 113.935668 30.272625
11 113.927363 30.270627
11 113.927363 30.270627
11 113.920752 30.266524
11 113.920752 30.266524
11 113.911306 30.265602
11 113.911306 30.265602
11 113.901446 30.265155
11 113.891656 30.264420
11 113.891656 30.264420
11 113.884180 30.260879
11 113.884180 30.260879
11 113.875798 30.258568
11 113.875798 30.258568
11 113.868430 30.255116
11 113.868430 30.255116
11 113.860071 30.253215
11 113.860071 30.253215
11 113.850282 30.252955
11 113.850282 30.252955
11 113.842522 30.250385
11 113.842522 30.250385
11 113.833848 30.249067
11 113.833848 30.249067
11 113.823366 30.250270
11 113.823366 30.250270
11 113.815005 30.248836
11 113.815005 30.248836
11 113.806023 30.248122
11 113.806023 30.248122
11 113.797238 30.247189
11 113.797238 30.247189
11 113.788160 30.246828
11 113.788160 30.246828
11 113.778950 30.246406
11 113.778950 30.246406
11 113.768296 30.247676
11 113.768296 30.247676
11 113.759981 30.246023
11 113.759981 30.246023
11 113.752885 30.242934
11 113.752885 30.242934
11 113.743198 30.242668
11 113.743198 30.242668
11 113.736387 30.239036
11 113.736387 30.239036
11 113.726362 30.238970
11 113.726362 30.238970
11 113.718393 30.236492
11 113.718393 30.236492
11 113.708433 30.236140
11 113.708433 30.236140
11 113.700001 30.233776
11 113.700001 30.233776
11 113.691681 30.231496
11 113.691681 30.231496
11 113.683113 30.229072
11 113.683113 30.229072
11 113.674457 30.226985
11 113.674457 30.226985
11 113.665253 30.225326
11 113.665253 30.225326
11 113.658758 30.220456
11 113.658758 30.220456
11 113.651504 30.216245
11 113.651504 30.216245
11 113.644594 30.211871
11 113.644594 30.211871
11 113.636929 30.208167
11 113.636929 30.208167
11 113.626731 30.207474
11 113.626731 30.207474
11 113.617466 30.205474
11 113.617466 30.205474
11 113.609870 30.201461
11 113.609870 30.201461
11 113.603245 30.196517
11 113.603245 30.196517
11 113.596284 30.191745
11 113.596284 30.191745
11 113.589759 30.186467
11 113.589759 30.186467
11 113.581612 30.182886
11 113.581612 30.182886
11 113.574023 30.178883
11 113.574023 30.178883
11 113.566093 30.175059
11 113.566093 30.175059
11 113.558493 30.171055
11 113.558493 30.171055
11 113.551106 30.166796
11 113.551106 30.166796
11 113.543816 30.162206
11 113.543816 30.162206
11 113.530349 30.152141
11 113.530349 30.152141
11 113.522196 30.148587
11 113.522196 30.148587
11 113.514909 30.143995
11 113.514909 30.143995
11 113.508394 30.138694
11 113.508394 30.138694
11 113.499917 30.135745
11 113.499917 30.135745
11 113.492850 30.130892
11 113.492850 30.130892
11 113.486349 30.125590
11 113.486349 30.125590
11 113.479624 30.120543
11 113.479624 30.120543
11 113.472019 30.116550
11 113.472019 30.116550
11 113.464517 30.112220
11 113.464517 30.112220
11 113.457131 30.107965
11 113.457131 30.107965
11 113.449310 30.104249
11 113.449310 30.104249
11 113.442250 30.099390
11 113.442250 30.099390
11 113.433972 30.096208
11 113.433972 30.096208
11 113.426136 30.092495
11 113.426136 30.092495
11 113.418978 30.087985
11 113.418978 30.087985
11 113.412486 30.082661
11 113.412486 30.082661
11 113.405431 30.077800
11 113.405431 30.077800
11 113.398720 30.072740
11 113.398720 30.072740
11 113.391442 30.068145
11 113.391442 30.068145
11 113.384283 30.063625
11 113.384283 30.063625
11 113.377132 30.059109
11 113.377132 30.059109
11 113.369974 30.054587
11 113.369974 30.054587
11 113.362588 30.050339
11 113.362588 30.050339
11 113.354981 30.046372
11 113.354981 30.046372
11 113.347135 30.042676
11 113.347135 30.042676
11 113.339525 30.038713
11 113.339525 30.038713
11 113.331550 30.034944
11 113.331550 30.034944
11 113.325090 30.029603
11 113.325090 30.029603
11 113.317007 30.026194
11 113.317007 30.026194
11 113.309385 30.022233
11 113.309385 30.022233
11 113.302001 30.018001
11 113.302001 30.018001
11 113.294725 30.013412
11 113.294725 30.013412
11 113.286866 30.009736
11 113.286866 30.009736
11 113.273727 29.999306
11 113.273727 29.999306
