4 118.595404 31.420508
4 118.595404 31.420508
4 118.598159 31.421933
4 118.598159 31.421933
4 118.600855 31.423649
4 118.600855 31.423649
4 118.602914 31.425983
4 118.602914 31.425983
4 118.604006 31.429018
4 118.604006 31.429018
4 118.605061 31.431987
4 118.605061 31.431987
4 118.605283 31.435312
4 118.605283 31.435312
4 118.604766 31.438834
4 118.604766 31.438834
4 118.603895 31.442324
4 118.603895 31.442324
4 118.602159 31.445870
4 118.602159 31.445870
4 118.600248 31.449377
4 118.600248 31.449377
4 118.598065 31.452810
4 118.598065 31.452810
4 118.595312 31.456162
4 118.595312 31.456162
4 118.592237 31.459477
4 118.592237 31.459477
4 118.588490 31.462587
4 118.588490 31.462587
4 118.584303 31.465378
4 118.584303 31.465378
4 118.579605 31.467717
4 118.579605 31.467717
4 118.574553 31.470037
4 118.574553 31.470037
4 118.568615 31.470399
4 118.568615 31.470399
4 118.562805 31.470659
4 118.562805 31.470659
4 118.556950 31.471096
4 118.556950 31.471096
4 118.551049 31.471312
4 118.551049 31.471312
4 118.545051 31.471449
4 118.545051 31.471449
4 118.538788 31.471178
4 118.538788 31.471178
4 118.532485 31.470599
4 118.532485 31.470599
4 118.526347 31.470488
4 118.526347 31.470488
4 118.520289 31.470524
4 118.520289 31.470524
4 118.514050 31.470203
4 118.514050 31.470203
4 118.507790 31.469364
4 118.507790 31.469364
4 118.501827 31.468611
4 118.501827 31.468611
4 118.495786 31.466395
4 118.495786 31.466395
4 118.443346 31.452936
4 118.443346 31.452936
4 118.436856 31.452036
4 118.436856 31.452036
4 118.430632 31.451076
4 118.430632 31.451076
4 118.424675 31.450140
4 118.424675 31.450140
4 118.418756 31.449123
4 118.418756 31.449123
4 118.412995 31.448134
4 118.412995 31.448134
4 118.407169 31.447038
4 118.407169 31.447038
4 118.401408 31.445985
4 118.401408 31.445985
4 118.395482 31.444905
4 118.395482 31.444905
4 118.389563 31.443787
4 118.389563 31.443787
4 118.383690 31.442660
4 118.383690 31.442660
4 118.377741 31.441451
4 118.377741 31.441451
4 118.371714 31.440285
4 118.371714 31.440285
4 118.365613 31.439135
4 118.365613 31.439135
4 118.359480 31.437943
4 118.359480 31.437943
4 118.353362 31.436783
4 118.353362 31.436783
4 118.347264 31.435600
4 118.347264 31.435600
4 118.341096 31.434426
4 118.341096 31.434426
4 118.334936 31.433265
4 118.334936 31.433265
4 118.328861 31.432121
4 118.328861 31.432121
4 118.322650 31.430950
4 118.322650 31.430950
4 118.316464 31.429748
4 118.316464 31.429748
4 118.310161 31.428618
4 118.310161 31.428618
4 118.303974 31.427453
4 118.303974 31.427453
4 118.297638 31.426261
4 118.297638 31.426261
4 118.291398 31.425069
4 118.291398 31.425069
4 118.285150 31.423885
4 118.285150 31.423885
4 118.278831 31.422719
4 118.278831 31.422719
4 118.272488 31.421415
4 118.272488 31.421415
4 118.266205 31.420160
4 118.266205 31.420160
4 118.259855 31.418890
4 118.259855 31.418890
4 118.253560 31.417496
4 118.253560 31.417496
4 118.247333 31.416157
4 118.247333 31.416157
4 118.240929 31.414819
4 118.240929 31.414819
4 118.234628 31.413481
4 118.234628 31.413481
4 118.228202 31.412205
4 118.228202 31.412205
4 118.221827 31.410839
4 118.221827 31.410839
4 118.215496 31.409562
4 118.215496 31.409562
4 118.209155 31.408312
4 118.209155 31.408312
4 118.202744 31.407047
4 118.202744 31.407047
4 118.196246 31.405811
4 118.196246 31.405811
4 118.189827 31.404577
4 118.189827 31.404577
4 118.183348 31.403272
4 118.183348 31.403272
4 118.176922 31.402063
4 118.176922 31.402063
4 118.170388 31.400737
4 118.170388 31.400737
4 118.163967 31.399495
4 118.163967 31.399495
4 118.157399 31.398264
4 118.157399 31.398264
4 118.150804 31.397080
4 118.150804 31.397080
4 118.144343 31.395777
4 118.144343 31.395777
4 118.137899 31.394404
4 118.137899 31.394404
4 118.131491 31.392962
4 118.131491 31.392962
4 118.124994 31.391764
4 118.124994 31.391764
4 118.118487 31.390356
4 118.118487 31.390356
4 118.112079 31.388921
4 118.112079 31.388921
4 118.105601 31.387646
4 118.105601 31.387646
4 118.099047 31.386402
4 118.099047 31.386402
4 118.092653 31.384903
4 118.092653 31.384903
4 118.086207 31.383575
4 118.086207 31.383575
4 118.079678 31.382237
4 118.079678 31.382237
4 118.073108 31.381012
4 118.073108 31.381012
4 118.066581 31.379703
4 118.066581 31.379703
4 118.060040 31.378403
4 118.060040 31.378403
4 118.053506 31.377117
4 118.053506 31.377117
4 118.046957 31.375840
4 118.046957 31.375840
4 118.040563 31.374378
4 118.040563 31.374378
4 118.034248 31.372659
4 118.034248 31.372659
4 118.028024 31.370716
4 118.028024 31.370716
4 118.021766 31.368837
4 118.021766 31.368837
4 118.015660 31.366780
4 118.015660 31.366780
4 118.009531 31.364788
4 118.009531 31.364788
4 118.003213 31.362866
4 118.003213 31.362866
4 117.996936 31.360860
4 117.996936 31.360860
4 117.990683 31.358760
4 117.990683 31.358760
4 117.984514 31.356671
4 117.984514 31.356671
4 117.978154 31.354655
4 117.978154 31.354655
4 117.971871 31.352884
4 117.971871 31.352884
4 117.965728 31.350912
4 117.965728 31.350912
4 117.959543 31.348872
4 117.959543 31.348872
4 117.953416 31.346887
4 117.953416 31.346887
4 117.947329 31.345001
4 117.947329 31.345001
4 117.941279 31.343021
4 117.941279 31.343021
4 117.935385 31.340824
4 117.935385 31.340824
4 117.929524 31.338572
4 117.929524 31.338572
4 117.923747 31.336276
4 117.923747 31.336276
4 117.918092 31.333894
4 117.918092 31.333894
4 117.912499 31.331144
4 117.912499 31.331144
4 117.906906 31.328580
4 117.906906 31.328580
4 117.901370 31.325903
4 117.901370 31.325903
4 117.895775 31.323185
4 117.895775 31.323185
4 117.890258 31.320245
4 117.890258 31.320245
4 117.884706 31.317433
4 117.884706 31.317433
4 117.879196 31.314496
4 117.879196 31.314496
4 117.873619 31.311568
4 117.873619 31.311568
4 117.868287 31.308399
4 117.868287 31.308399
4 117.862961 31.305258
4 117.862961 31.305258
4 117.857624 31.301965
4 117.857624 31.301965
4 117.852451 31.298451
4 117.852451 31.298451
4 117.847151 31.295100
4 117.847151 31.295100
4 117.841893 31.291849
4 117.841893 31.291849
4 117.836549 31.288602
4 117.836549 31.288602
4 117.831394 31.284951
4 117.831394 31.284951
4 117.826085 31.281650
4 117.826085 31.281650
4 117.821088 31.277851
4 117.821088 31.277851
4 117.816188 31.273852
4 117.816188 31.273852
4 117.811327 31.270144
4 117.811327 31.270144
4 117.806676 31.266014
4 117.806676 31.266014
4 117.802070 31.261789
4 117.802070 31.261789
4 117.797440 31.257641
4 117.797440 31.257641
4 117.792825 31.253320
4 117.792825 31.253320
4 117.788172 31.248939
4 117.788172 31.248939
4 117.783550 31.244521
4 117.783550 31.244521
4 117.778825 31.240156
4 117.778825 31.240156
4 117.774091 31.235672
4 117.774091 31.235672
4 117.769436 31.231239
4 117.769436 31.231239
4 117.764576 31.226898
4 117.764576 31.226898
4 117.759836 31.222341
4 117.759836 31.222341
4 117.754997 31.217846
4 117.754997 31.217846
4 117.750058 31.213412
4 117.750058 31.213412
4 117.745298 31.208633
4 117.745298 31.208633
4 117.740307 31.204014
4 117.740307 31.204014
4 117.735289 31.199488
4 117.735289 31.199488
4 117.730289 31.194926
4 117.730289 31.194926
4 117.725285 31.190241
4 117.725285 31.190241
4 117.720200 31.185556
4 117.720200 31.185556
4 117.715154 31.180841
4 117.715154 31.180841
4 117.709921 31.176481
4 117.709921 31.176481
4 117.705001 31.171410
4 117.705001 31.171410
4 117.699983 31.166247
4 117.699983 31.166247
4 117.694585 31.161774
4 117.694585 31.161774
4 117.689068 31.157378
4 117.689068 31.157378
4 117.683909 31.152514
4 117.683909 31.152514
4 117.678377 31.147868
4 117.678377 31.147868
4 117.673168 31.142982
4 117.673168 31.142982
4 117.667792 31.138237
4 117.667792 31.138237
4 117.662433 31.133199
4 117.662433 31.133199
4 117.657085 31.128297
4 117.657085 31.128297
4 117.651774 31.123369
4 117.651774 31.123369
4 117.646544 31.118167
4 117.646544 31.118167
4 117.641453 31.112892
4 117.641453 31.112892
4 117.636438 31.107512
4 117.636438 31.107512
4 117.631422 31.102174
4 117.631422 31.102174
4 117.626520 31.096656
4 117.626520 31.096656
4 117.621542 31.091144
4 117.621542 31.091144
4 117.616675 31.085351
4 117.616675 31.085351
4 117.611790 31.079589
4 117.611790 31.079589
4 117.606649 31.074134
4 117.606649 31.074134
4 117.601700 31.068530
4 117.601700 31.068530
4 117.597009 31.062411
4 117.597009 31.062411
4 117.591733 31.056939
4 117.591733 31.056939
4 117.586447 31.051517
4 117.586447 31.051517
4 117.581364 31.045646
4 117.581364 31.045646
4 117.576170 31.039975
4 117.576170 31.039975
4 117.571104 31.034011
4 117.571104 31.034011
4 117.565754 31.028475
4 117.565754 31.028475
4 117.560209 31.023217
4 117.560209 31.023217
4 117.555125 31.017204
4 117.555125 31.017204
4 117.549910 31.011500
4 117.549910 31.011500
4 117.544622 31.005929
4 117.544622 31.005929
4 117.539651 31.000047
4 117.539651 31.000047
4 117.534648 30.994210
4 117.534648 30.994210
4 117.529525 30.988707
4 117.529525 30.988707
4 117.524479 30.983093
4 117.524479 30.983093
4 117.519404 30.977649
4 117.519404 30.977649
4 117.514475 30.972018
4 117.514475 30.972018
4 117.509525 30.966679
4 117.509525 30.966679
4 117.504723 30.961270
4 117.504723 30.961270
4 117.500130 30.955473
4 117.500130 30.955473
4 117.495879 30.949468
4 117.495879 30.949468
4 117.491346 30.943853
4 117.491346 30.943853
4 117.486978 30.938051
4 117.486978 30.938051
4 117.482503 30.932387
4 117.482503 30.932387
4 117.478317 30.926360
4 117.478317 30.926360
4 117.474234 30.920347
4 117.474234 30.920347
4 117.470245 30.914343
4 117.470245 30.914343
4 117.466079 30.908565
4 117.466079 30.908565
4 117.462012 30.902804
4 117.462012 30.902804
4 117.458104 30.896968
4 117.458104 30.896968
4 117.453958 30.891334
4 117.453958 30.891334
4 117.450048 30.885545
4 117.450048 30.885545
4 117.446501 30.879414
4 117.446501 30.879414
4 117.442276 30.874136
4 117.442276 30.874136
4 117.438166 30.868632
4 117.438166 30.868632
4 117.434421 30.862786
4 117.434421 30.862786
4 117.431139 30.856517
4 117.431139 30.856517
4 117.426866 30.851338
4 117.426866 30.851338
4 117.422702 30.845927
4 117.422702 30.845927
4 117.418726 30.840191
4 117.418726 30.840191
4 117.414355 30.834722
4 117.414355 30.834722
4 117.409557 30.829644
4 117.409557 30.829644
4 117.404195 30.825024
4 117.404195 30.825024
4 117.398764 30.820486
4 117.398764 30.820486
4 117.393509 30.815621
4 117.393509 30.815621
4 117.387645 30.811490
4 117.387645 30.811490
4 117.380929 30.808242
4 117.380929 30.808242
4 117.374275 30.805044
4 117.374275 30.805044
4 117.368085 30.801284
4 117.368085 30.801284
4 117.361322 30.798324
4 117.361322 30.798324
4 117.354493 30.795336
4 117.354493 30.795336
4 117.347428 30.792507
4 117.347428 30.792507
4 117.340504 30.789636
4 117.340504 30.789636
4 117.333668 30.786540
4 117.333668 30.786540
4 117.326580 30.783745
4 117.326580 30.783745
4 117.319657 30.780772
4 117.319657 30.780772
4 117.312989 30.777371
4 117.312989 30.777371
4 117.305986 30.774372
4 117.305986 30.774372
4 117.298478 30.771984
4 117.298478 30.771984
4 117.291066 30.769374
4 117.291066 30.769374
4 117.284434 30.766044
4 117.284434 30.766044
4 117.277175 30.763255
4 117.277175 30.763255
4 117.269569 30.760890
4 117.269569 30.760890
4 117.261801 30.758603
4 117.261801 30.758603
4 117.254394 30.755786
4 117.254394 30.755786
4 117.246716 30.753289
4 117.246716 30.753289
4 117.239035 30.750814
4 117.239035 30.750814
4 117.231637 30.747744
4 117.231637 30.747744
4 117.224310 30.744731
4 117.224310 30.744731
4 117.216620 30.742151
4 117.216620 30.742151
4 117.208687 30.739766
4 117.208687 30.739766
4 117.200240 30.737901
4 117.200240 30.737901
4 117.193126 30.734285
4 117.193126 30.734285
4 117.185278 30.731696
4 117.185278 30.731696
4 117.177617 30.728751
4 117.177617 30.728751
4 117.169594 30.726262
4 117.169594 30.726262
4 117.161775 30.723425
4 117.161775 30.723425
4 117.153940 30.720596
4 117.153940 30.720596
4 117.145767 30.718084
4 117.145767 30.718084
4 117.137645 30.715626
4 117.137645 30.715626
4 117.130173 30.712234
4 117.130173 30.712234
4 117.122092 30.709504
4 117.122092 30.709504
4 117.114275 30.706442
4 117.114275 30.706442
4 117.106169 30.703735
4 117.106169 30.703735
4 117.098368 30.700544
4 117.098368 30.700544
4 117.090032 30.697913
4 117.090032 30.697913
4 117.081632 30.695610
4 117.081632 30.695610
4 117.073429 30.692929
4 117.073429 30.692929
4 117.065658 30.689824
4 117.065658 30.689824
4 117.057694 30.686970
4 117.057694 30.686970
4 117.049504 30.684527
4 117.049504 30.684527
4 117.041459 30.682013
4 117.041459 30.682013
4 117.034157 30.678533
4 117.034157 30.678533
4 117.026200 30.675926
4 117.026200 30.675926
4 117.017247 30.674727
4 117.017247 30.674727
4 117.009488 30.672099
4 117.009488 30.672099
4 117.001653 30.669803
4 117.001653 30.669803
4 116.993681 30.667809
4 116.993681 30.667809
4 116.985102 30.666760
4 116.985102 30.666760
4 116.976442 30.666061
4 116.976442 30.666061
4 116.968468 30.664691
4 116.968468 30.664691
4 116.960459 30.663508
4 116.960459 30.663508
4 116.951481 30.663645
4 116.951481 30.663645
4 116.942649 30.663722
4 116.942649 30.663722
4 116.935152 30.661996
4 116.935152 30.661996
4 116.927130 30.661110
4 116.927130 30.661110
4 116.917954 30.661843
4 116.917954 30.661843
4 116.909755 30.661110
4 116.909755 30.661110
4 116.901994 30.659900
4 116.901994 30.659900
4 116.893391 30.659753
4 116.893391 30.659753
4 116.884778 30.659636
4 116.884778 30.659636
4 116.876639 30.658869
4 116.876639 30.658869
4 116.869457 30.656756
4 116.869457 30.656756
4 116.860492 30.657299
4 116.860492 30.657299
4 116.852688 30.656223
4 116.852688 30.656223
4 116.844514 30.655545
4 116.844514 30.655545
4 116.836525 30.654612
4 116.836525 30.654612
4 116.828528 30.653699
4 116.828528 30.653699
4 116.818808 30.655173
4 116.818808 30.655173
4 116.810793 30.654313
4 116.810793 30.654313
4 116.803904 30.651939
4 116.803904 30.651939
4 116.796132 30.650859
4 116.796132 30.650859
4 116.786792 30.652097
4 116.786792 30.652097
4 116.778720 30.651502
4 116.778720 30.651502
4 116.771023 30.650342
4 116.771023 30.650342
4 116.762438 30.650513
4 116.762438 30.650513
4 116.754177 30.650487
4 116.754177 30.650487
4 116.746031 30.650156
4 116.746031 30.650156
4 116.738669 30.648668
4 116.738669 30.648668
4 116.730999 30.647634
4 116.730999 30.647634
4 116.722840 30.647368
4 116.722840 30.647368
4 116.714469 30.647421
4 116.714469 30.647421
4 116.707081 30.645997
4 116.707081 30.645997
4 116.698965 30.645828
4 116.698965 30.645828
4 116.690635 30.645981
4 116.690635 30.645981
4 116.682962 30.645279
4 116.682962 30.645279
4 116.675121 30.644717
4 116.675121 30.644717
4 116.667041 30.644667
4 116.667041 30.644667
4 116.659151 30.644330
4 116.659151 30.644330
4 116.651551 30.643547
4 116.651551 30.643547
4 116.644242 30.642313
4 116.644242 30.642313
4 116.636334 30.642031
4 116.636334 30.642031
4 116.628158 30.642054
4 116.628158 30.642054
4 116.620237 30.641814
4 116.620237 30.641814
4 116.612865 30.640419
4 116.612865 30.640419
4 116.605002 30.639836
4 116.605002 30.639836
4 116.597025 30.639428
4 116.597025 30.639428
4 116.589076 30.638848
4 116.589076 30.638848
4 116.581329 30.637967
4 116.581329 30.637967
4 116.573403 30.637231
4 116.573403 30.637231
4 116.564601 30.637781
4 116.564601 30.637781
4 116.556299 30.637546
4 116.556299 30.637546
4 116.549022 30.635495
4 116.549022 30.635495
4 116.540934 30.634766
4 116.540934 30.634766
4 116.531850 30.635716
4 116.531850 30.635716
4 116.523719 30.634804
4 116.523719 30.634804
4 116.515682 30.633742
4 116.515682 30.633742
4 116.507240 30.633366
4 116.507240 30.633366
4 116.498590 30.633348
4 116.498590 30.633348
4 116.490571 30.632139
4 116.490571 30.632139
4 116.482381 30.631085
4 116.482381 30.631085
4 116.473508 30.631038
4 116.473508 30.631038
4 116.465206 30.630191
4 116.465206 30.630191
4 116.457225 30.628639
4 116.457225 30.628639
4 116.448746 30.627966
4 116.448746 30.627966
4 116.440221 30.627078
4 116.440221 30.627078
4 116.431453 30.626758
4 116.431453 30.626758
4 116.422236 30.626924
4 116.422236 30.626924
4 116.414199 30.625214
4 116.414199 30.625214
4 116.404978 30.625429
4 116.404978 30.625429
4 116.396358 30.624605
4 116.396358 30.624605
4 116.388128 30.623083
4 116.388128 30.623083
4 116.379596 30.621668
4 116.379596 30.621668
4 116.370284 30.621941
4 116.370284 30.621941
4 116.361398 30.621308
4 116.361398 30.621308
4 116.352238 30.621028
4 116.352238 30.621028
4 116.343988 30.619134
4 116.343988 30.619134
4 116.334611 30.619258
4 116.334611 30.619258
4 116.324985 30.619532
4 116.324985 30.619532
4 116.316142 30.618575
4 116.316142 30.618575
4 116.307907 30.616525
4 116.307907 30.616525
4 116.298876 30.615751
4 116.298876 30.615751
4 116.289505 30.615773
4 116.289505 30.615773
4 116.279688 30.616327
4 116.279688 30.616327
4 116.270639 30.615616
4 116.270639 30.615616
4 116.262004 30.614172
4 116.262004 30.614172
4 116.252672 30.613847
4 116.252672 30.613847
4 116.242989 30.614332
4 116.242989 30.614332
4 116.233721 30.614084
4 116.233721 30.614084
4 116.224783 30.613059
4 116.224783 30.613059
4 116.216185 30.611251
4 116.216185 30.611251
4 116.207004 30.610865
4 116.207004 30.610865
4 116.198324 30.609522
4 116.198324 30.609522
4 116.188858 30.609535
4 116.188858 30.609535
4 116.179687 30.608980
4 116.179687 30.608980
4 116.170719 30.608050
4 116.170719 30.608050
4 116.161745 30.607135
4 116.161745 30.607135
4 116.152324 30.607256
4 116.152324 30.607256
4 116.143377 30.606151
4 116.143377 30.606151
4 116.134218 30.605459
4 116.134218 30.605459
4 116.125432 30.604209
4 116.125432 30.604209
4 116.115819 30.604585
4 116.115819 30.604585
4 116.106644 30.603946
4 116.106644 30.603946
4 116.097673 30.602918
4 116.097673 30.602918
4 116.088556 30.602337
4 116.088556 30.602337
4 116.079433 30.601774
4 116.079433 30.601774
4 116.070306 30.601227
4 116.070306 30.601227
4 116.060975 30.601113
4 116.060975 30.601113
4 116.052571 30.599154
4 116.052571 30.599154
4 116.043955 30.597616
4 116.043955 30.597616
4 116.035450 30.595884
4 116.035450 30.595884
4 116.026367 30.595435
4 116.026367 30.595435
4 116.017108 30.595187
4 116.017108 30.595187
4 116.008275 30.594120
4 116.008275 30.594120
4 115.999006 30.593906
4 115.999006 30.593906
4 115.989521 30.594136
4 115.989521 30.594136
4 115.980742 30.593138
4 115.980742 30.593138
4 115.972267 30.591508
4 115.972267 30.591508
4 115.963625 30.590079
4 115.963625 30.590079
4 115.954479 30.589492
4 115.954479 30.589492
4 115.945435 30.588704
4 115.945435 30.588704
4 115.936067 30.588581
4 115.936067 30.588581
4 115.926444 30.589154
4 115.926444 30.589154
4 115.917599 30.587979
4 115.917599 30.587979
4 115.908683 30.586790
4 115.908683 30.586790
4 115.899685 30.586102
4 115.899685 30.586102
4 115.889976 30.586727
4 115.889976 30.586727
4 115.880582 30.586711
4 115.880582 30.586711
4 115.871784 30.585627
4 115.871784 30.585627
4 115.862285 30.585872
4 115.862285 30.585872
4 115.854122 30.583471
4 115.854122 30.583471
4 115.845139 30.582621
4 115.845139 30.582621
4 115.836905 30.580206
4 115.836905 30.580206
4 115.827232 30.580981
4 115.827232 30.580981
4 115.817916 30.580849
4 115.817916 30.580849
4 115.808351 30.581445
4 115.808351 30.581445
4 115.799565 30.580207
4 115.799565 30.580207
4 115.791706 30.577170
4 115.791706 30.577170
4 115.781687 30.578728
4 115.781687 30.578728
4 115.772635 30.578239
4 115.772635 30.578239
4 115.764453 30.575914
4 115.764453 30.575914
4 115.755543 30.574958
4 115.755543 30.574958
4 115.746481 30.574503
4 115.746481 30.574503
4 115.737741 30.573361
4 115.737741 30.573361
4 115.728495 30.573142
4 115.728495 30.573142
4 115.718781 30.574143
4 115.718781 30.574143
4 115.710247 30.572567
4 115.710247 30.572567
4 115.701275 30.571945
4 115.701275 30.571945
4 115.692450 30.570837
4 115.692450 30.570837
4 115.683732 30.569500
4 115.683732 30.569500
4 115.675047 30.568460
4 115.675047 30.568460
4 115.665958 30.567570
4 115.665958 30.567570
4 115.657383 30.565756
4 115.657383 30.565756
4 115.648366 30.564912
4 115.648366 30.564912
4 115.638840 30.565025
4 115.638840 30.565025
4 115.629890 30.563671
4 115.629890 30.563671
4 115.621752 30.560353
4 115.621752 30.560353
4 115.612179 30.560210
4 115.612179 30.560210
4 115.603086 30.558833
4 115.603086 30.558833
4 115.594945 30.555520
4 115.594945 30.555520
4 115.586627 30.552427
4 115.586627 30.552427
4 115.578422 30.549084
4 115.578422 30.549084
4 115.569770 30.546731
4 115.569770 30.546731
4 115.561230 30.544131
4 115.561230 30.544131
4 115.553469 30.539782
4 115.553469 30.539782
4 115.545271 30.536428
4 115.545271 30.536428
4 115.536961 30.533322
4 115.536961 30.533322
4 115.529062 30.529482
4 115.529062 30.529482
4 115.521099 30.525613
4 115.521099 30.525613
4 115.513369 30.521231
4 115.513369 30.521231
4 115.505550 30.517395
4 115.505550 30.517395
4 115.497745 30.513555
4 115.497745 30.513555
4 115.490749 30.507922
4 115.490749 30.507922
4 115.483256 30.503578
4 115.483256 30.503578
4 115.475691 30.499199
4 115.475691 30.499199
4 115.468014 30.495068
4 115.468014 30.495068
4 115.461368 30.488897
4 115.461368 30.488897
4 115.453901 30.484515
4 115.453901 30.484515
4 115.446190 30.480638
4 115.446190 30.480638
4 115.438536 30.476473
4 115.438536 30.476473
4 115.431998 30.470271
4 115.431998 30.470271
4 115.424921 30.465070
4 115.424921 30.465070
4 115.417286 30.460875
4 115.417286 30.460875
4 115.410225 30.455653
4 115.410225 30.455653
4 115.403286 30.450152
4 115.403286 30.450152
4 115.395556 30.446196
4 115.395556 30.446196
4 115.387323 30.443285
4 115.387323 30.443285
4 115.380463 30.437466
4 115.380463 30.437466
4 115.374127 30.430575
4 115.374127 30.430575
4 115.365342 30.428997
4 115.365342 30.428997
4 115.358393 30.423410
4 115.358393 30.423410
4 115.351385 30.418097
4 115.351385 30.418097
4 115.344651 30.412240
4 115.344651 30.412240
4 115.336886 30.408193
4 115.336886 30.408193
4 115.329913 30.402849
4 115.329913 30.402849
4 115.322551 30.398297
4 115.322551 30.398297
4 115.316431 30.391013
4 115.316431 30.391013
4 115.308509 30.387818
4 115.308509 30.387818
4 115.300848 30.383759
4 115.300848 30.383759
4 115.293181 30.379691
4 115.293181 30.379691
4 115.287581 30.371558
4 115.287581 30.371558
4 115.280263 30.366947
4 115.280263 30.366947
4 115.271547 30.365038
4 115.271547 30.365038
4 115.263508 30.361767
4 115.263508 30.361767
4 115.256603 30.356315
4 115.256603 30.356315
4 115.249573 30.350801
4 115.249573 30.350801
4 115.242629 30.345303
4 115.242629 30.345303
4 115.234595 30.342004
4 115.234595 30.342004
4 115.228691 30.334570
4 115.228691 30.334570
4 115.221766 30.329032
4 115.221766 30.329032
4 115.212993 30.327412
4 115.212993 30.327412
4 115.205386 30.323256
4 115.205386 30.323256
4 115.199313 30.316015
4 115.199313 30.316015
4 115.191729 30.311843
4 115.191729 30.311843
4 115.184560 30.306818
4 115.184560 30.306818
4 115.177052 30.302658
4 115.177052 30.302658
4 115.170387 30.296794
4 115.170387 30.296794
4 115.163032 30.292335
4 115.163032 30.292335
4 115.155463 30.288124
4 115.155463 30.288124
4 115.147832 30.283882
4 115.147832 30.283882
4 115.140922 30.278549
4 115.140922 30.278549
4 115.133867 30.273486
4 115.133867 30.273486
4 115.125237 30.271566
4 115.125237 30.271566
4 115.117398 30.267900
4 115.117398 30.267900
4 115.110364 30.262822
4 115.110364 30.262822
4 115.102532 30.259146
4 115.102532 30.259146
4 115.096243 30.252609
4 115.096243 30.252609
4 115.088714 30.248342
4 115.088714 30.248342
4 115.081412 30.243807
4 115.081412 30.243807
4 115.074034 30.239582
4 115.074034 30.239582
4 115.066368 30.235588
4 115.066368 30.235588
4 115.059668 30.229864
4 115.059668 30.229864
4 115.053354 30.223572
4 115.053354 30.223572
4 115.046468 30.218094
4 115.046468 30.218094
4 115.038588 30.214682
4 115.038588 30.214682
4 115.030718 30.211272
4 115.030718 30.211272
