24 117.257286 30.910823
24 117.257286 30.910823
24 117.262242 30.901533
24 117.262242 30.901533
24 117.241446 30.905926
24 117.241446 30.905926
24 117.242776 30.898506
24 117.242776 30.898506
24 117.243221 30.891607
24 117.243221 30.891607
24 117.238554 30.887343
24 117.238554 30.887343
24 117.226147 30.887135
24 117.226147 30.887135
24 117.212572 30.887513
24 117.212572 30.887513
24 117.207904 30.883155
24 117.207904 30.883155
24 117.201161 30.879871
24 117.201161 30.879871
24 117.187898 30.879944
24 117.187898 30.879944
24 117.184449 30.874953
24 117.184449 30.874953
24 117.176780 30.871979
24 117.176780 30.871979
24 117.164168 30.871665
24 117.164168 30.871665
24 117.161854 30.865949
24 117.161854 30.865949
24 117.152744 30.863676
24 117.152744 30.863676
24 117.144837 30.860793
24 117.144837 30.860793
24 117.144008 30.854330
24 117.144008 30.854330
24 117.128765 30.855122
24 117.128765 30.855122
24 117.119726 30.852780
24 117.119726 30.852780
24 117.111248 30.850063
24 117.111248 30.850063
24 117.105432 30.846027
24 117.105432 30.846027
24 117.101083 30.841252
24 117.101083 30.841252
24 117.092360 30.838650
24 117.092360 30.838650
24 117.079266 30.838171
24 117.079266 30.838171
24 117.078167 30.831808
24 117.078167 30.831808
24 117.066828 30.830373
24 117.066828 30.830373
24 117.059040 30.827262
24 117.059040 30.827262
24 117.044497 30.820759
24 117.044497 30.820759
24 117.042259 30.814954
24 117.042259 30.814954
24 117.037455 30.810469
24 117.037455 30.810469
24 117.027856 30.808506
24 117.027856 30.808506
24 117.017374 30.806876
24 117.017374 30.806876
24 116.948731 30.793013
24 116.948731 30.793013
24 116.930133 30.796833
24 116.930133 30.796833
24 116.939146 30.788164
24 116.939146 30.788164
24 116.944141 30.781375
24 116.944141 30.781375
24 116.924470 30.785683
24 116.924470 30.785683
24 116.899987 30.792160
24 116.899987 30.792160
24 116.890169 30.792097
24 116.890169 30.792097
24 116.885528 30.789743
24 116.885528 30.789743
24 116.877162 30.789005
24 116.877162 30.789005
24 116.878197 30.784021
24 116.878197 30.784021
24 116.862921 30.781833
24 116.862921 30.781833
24 116.838955 30.787959
24 116.838955 30.787959
24 116.804854 30.785292
24 116.804854 30.785292
24 116.795485 30.784903
24 116.795485 30.784903
24 116.790734 30.782660
24 116.790734 30.782660
24 116.789134 30.779120
24 116.789134 30.779120
24 116.782431 30.777754
24 116.782431 30.777754
24 116.774057 30.777128
24 116.774057 30.777128
24 116.766233 30.776194
24 116.766233 30.776194
24 116.752773 30.777645
24 116.752773 30.777645
24 116.747602 30.775753
24 116.747602 30.775753
24 116.741837 30.774023
24 116.741837 30.774023
24 116.738960 30.771212
24 116.738960 30.771212
24 116.730140 30.770819
24 116.730140 30.770819
24 116.718767 30.771405
24 116.718767 30.771405
24 116.709687 30.771077
24 116.709687 30.771077
24 116.701753 30.770277
24 116.701753 30.770277
24 116.694433 30.769307
24 116.694433 30.769307
24 116.689109 30.767553
24 116.689109 30.767553
24 116.676148 30.768767
24 116.676148 30.768767
24 116.668289 30.767954
24 116.668289 30.767954
24 116.661887 30.766643
24 116.661887 30.766643
24 116.655470 30.765269
24 116.655470 30.765269
24 116.648267 30.764315
24 116.648267 30.764315
24 116.640818 30.763507
24 116.640818 30.763507
24 116.632186 30.762981
24 116.632186 30.762981
24 116.624189 30.762343
24 116.624189 30.762343
24 116.617057 30.761388
24 116.617057 30.761388
24 116.610498 30.760206
24 116.610498 30.760206
24 116.602530 30.759517
24 116.602530 30.759517
24 116.593754 30.759175
24 116.593754 30.759175
24 116.586345 30.758188
24 116.586345 30.758188
24 116.578718 30.757400
24 116.578718 30.757400
24 116.570795 30.756642
24 116.570795 30.756642
24 116.560895 30.756538
24 116.560895 30.756538
24 116.556103 30.754666
24 116.556103 30.754666
24 116.547896 30.753883
24 116.547896 30.753883
24 116.537750 30.753813
24 116.537750 30.753813
24 116.529593 30.753043
24 116.529593 30.753043
24 116.523116 30.751631
24 116.523116 30.751631
24 116.512435 30.751663
24 116.512435 30.751663
24 116.504310 30.750830
24 116.504310 30.750830
24 116.497613 30.749528
24 116.497613 30.749528
24 116.488662 30.748931
24 116.488662 30.748931
24 116.480827 30.747890
24 116.480827 30.747890
24 116.473028 30.746890
24 116.473028 30.746890
24 116.463552 30.746412
24 116.463552 30.746412
24 116.455187 30.745487
24 116.455187 30.745487
24 116.444910 30.745269
24 116.444910 30.745269
24 116.435724 30.744554
24 116.435724 30.744554
24 116.429984 30.742916
24 116.429984 30.742916
24 116.420846 30.742219
24 116.420846 30.742219
24 116.409468 30.742168
24 116.409468 30.742168
24 116.403737 30.740425
24 116.403737 30.740425
24 116.397755 30.738805
24 116.397755 30.738805
24 116.387260 30.738427
24 116.387260 30.738427
24 116.376242 30.738246
24 116.376242 30.738246
24 116.367742 30.737238
24 116.367742 30.737238
24 116.360123 30.736038
24 116.360123 30.736038
24 116.351951 30.734969
24 116.351951 30.734969
24 116.341548 30.734512
24 116.341548 30.734512
24 116.335366 30.732856
24 116.335366 30.732856
24 116.325528 30.732132
24 116.325528 30.732132
24 116.314623 30.731792
24 116.314623 30.731792
24 116.307941 30.730303
24 116.307941 30.730303
24 116.298467 30.729542
24 116.298467 30.729542
24 116.286181 30.729414
24 116.286181 30.729414
24 116.279536 30.727867
24 116.279536 30.727867
24 116.270663 30.726879
24 116.270663 30.726879
24 116.262383 30.725786
24 116.262383 30.725786
24 116.254675 30.724532
24 116.254675 30.724532
24 116.246978 30.723258
24 116.246978 30.723258
24 116.236240 30.722782
24 116.236240 30.722782
24 116.226055 30.722074
24 116.226055 30.722074
24 116.217858 30.720926
24 116.217858 30.720926
24 116.208301 30.720158
24 116.208301 30.720158
24 116.199591 30.719157
24 116.199591 30.719157
24 116.189501 30.718462
24 116.189501 30.718462
24 116.179999 30.717661
24 116.179999 30.717661
24 116.170512 30.716841
24 116.170512 30.716841
24 116.161318 30.715930
24 116.161318 30.715930
24 116.154940 30.714442
24 116.154940 30.714442
24 116.147717 30.713054
24 116.147717 30.713054
24 116.136351 30.712616
24 116.136351 30.712616
24 116.125851 30.712023
24 116.125851 30.712023
24 116.118981 30.710642
24 116.118981 30.710642
24 116.111290 30.709428
24 116.111290 30.709428
24 116.101402 30.708700
24 116.101402 30.708700
24 116.090693 30.708108
24 116.090693 30.708108
24 116.082206 30.706990
24 116.082206 30.706990
24 116.073483 30.706017
24 116.073483 30.706017
24 116.063110 30.705348
24 116.063110 30.705348
24 116.057482 30.703815
24 116.057482 30.703815
24 116.046022 30.703291
24 116.046022 30.703291
24 116.037643 30.702238
24 116.037643 30.702238
24 116.027075 30.701625
24 116.027075 30.701625
24 116.013471 30.701514
24 116.013471 30.701514
24 116.009562 30.699603
24 116.009562 30.699603
24 115.999322 30.698910
24 115.999322 30.698910
24 115.993262 30.697553
24 115.993262 30.697553
24 115.983600 30.696715
24 115.983600 30.696715
24 115.973136 30.696054
24 115.973136 30.696054
24 115.963527 30.695287
24 115.963527 30.695287
24 115.954468 30.694332
24 115.954468 30.694332
24 115.946264 30.693294
24 115.946264 30.693294
24 115.937519 30.692319
24 115.937519 30.692319
24 115.929626 30.691257
24 115.929626 30.691257
24 115.918696 30.690559
24 115.918696 30.690559
24 115.906401 30.690019
24 115.906401 30.690019
24 115.899381 30.688826
24 115.899381 30.688826
24 115.891258 30.687706
24 115.891258 30.687706
24 115.882341 30.686802
24 115.882341 30.686802
24 115.873437 30.685881
24 115.873437 30.685881
24 115.866183 30.684649
24 115.866183 30.684649
24 115.853725 30.684134
24 115.853725 30.684134
24 115.847063 30.682914
24 115.847063 30.682914
24 115.838764 30.681888
24 115.838764 30.681888
24 115.832956 30.680609
24 115.832956 30.680609
24 115.821381 30.679929
24 115.821381 30.679929
24 115.810926 30.679144
24 115.810926 30.679144
24 115.802953 30.678055
24 115.802953 30.678055
24 115.793901 30.677126
24 115.793901 30.677126
24 115.784595 30.676261
24 115.784595 30.676261
24 115.775566 30.675287
24 115.775566 30.675287
24 115.766555 30.674340
24 115.766555 30.674340
24 115.757564 30.673439
24 115.757564 30.673439
24 115.748848 30.672415
24 115.748848 30.672415
24 115.740432 30.671476
24 115.740432 30.671476
24 115.731197 30.670523
24 115.731197 30.670523
24 115.723612 30.669395
24 115.723612 30.669395
24 115.714412 30.668518
24 115.714412 30.668518
24 115.706048 30.667620
24 115.706048 30.667620
24 115.696048 30.666753
24 115.696048 30.666753
24 115.686604 30.665813
24 115.686604 30.665813
24 115.678814 30.664802
24 115.678814 30.664802
24 115.669947 30.663899
24 115.669947 30.663899
24 115.661356 30.662890
24 115.661356 30.662890
24 115.650590 30.661937
24 115.650590 30.661937
24 115.640914 30.660739
24 115.640914 30.660739
24 115.632880 30.659367
24 115.632880 30.659367
24 115.625654 30.657661
24 115.625654 30.657661
24 115.615170 30.655975
24 115.615170 30.655975
24 115.608498 30.653949
24 115.608498 30.653949
24 115.599388 30.651884
24 115.599388 30.651884
24 115.588662 30.649732
24 115.588662 30.649732
24 115.582010 30.647180
24 115.582010 30.647180
24 115.574285 30.644536
24 115.574285 30.644536
24 115.564949 30.641729
24 115.564949 30.641729
24 115.554558 30.638918
24 115.554558 30.638918
24 115.547420 30.635793
24 115.547420 30.635793
24 115.538143 30.632516
24 115.538143 30.632516
24 115.529158 30.629071
24 115.529158 30.629071
24 115.520734 30.625453
24 115.520734 30.625453
24 115.515279 30.621636
24 115.515279 30.621636
24 115.507703 30.617778
24 115.507703 30.617778
24 115.499884 30.613707
24 115.499884 30.613707
24 115.492889 30.609472
24 115.492889 30.609472
24 115.484059 30.605045
24 115.484059 30.605045
24 115.477385 30.600519
24 115.477385 30.600519
24 115.469415 30.595847
24 115.469415 30.595847
24 115.462270 30.591090
24 115.462270 30.591090
24 115.454628 30.586180
24 115.454628 30.586180
24 115.444918 30.581176
24 115.444918 30.581176
24 115.438661 30.576241
24 115.438661 30.576241
24 115.432954 30.571353
24 115.432954 30.571353
24 115.426528 30.566454
24 115.426528 30.566454
24 115.418269 30.561442
24 115.418269 30.561442
24 115.409525 30.556468
24 115.409525 30.556468
24 115.403674 30.551592
24 115.403674 30.551592
24 115.398883 30.546726
24 115.398883 30.546726
24 115.391532 30.541791
24 115.391532 30.541791
24 115.384729 30.536851
24 115.384729 30.536851
24 115.376927 30.531928
24 115.376927 30.531928
24 115.367364 30.526926
24 115.367364 30.526926
24 115.360660 30.521993
24 115.360660 30.521993
24 115.353220 30.517016
24 115.353220 30.517016
24 115.346066 30.512103
24 115.346066 30.512103
24 115.339449 30.507247
24 115.339449 30.507247
24 115.332106 30.502288
24 115.332106 30.502288
24 115.325551 30.497400
24 115.325551 30.497400
24 115.320289 30.492570
24 115.320289 30.492570
24 115.309505 30.487501
24 115.309505 30.487501
24 115.305310 30.482688
24 115.305310 30.482688
24 115.299118 30.477890
24 115.299118 30.477890
24 115.290459 30.472863
24 115.290459 30.472863
24 115.283576 30.468048
24 115.283576 30.468048
24 115.274738 30.463021
24 115.274738 30.463021
24 115.268177 30.458122
24 115.268177 30.458122
24 115.261640 30.453280
24 115.261640 30.453280
24 115.253651 30.448302
24 115.253651 30.448302
24 115.246432 30.443432
24 115.246432 30.443432
24 115.238516 30.438412
24 115.238516 30.438412
24 115.232840 30.433617
24 115.232840 30.433617
24 115.225468 30.428735
24 115.225468 30.428735
24 115.218374 30.423855
24 115.218374 30.423855
24 115.210348 30.418797
24 115.210348 30.418797
24 115.204775 30.414079
24 115.204775 30.414079
24 115.196802 30.409116
24 115.196802 30.409116
24 115.189844 30.404164
24 115.189844 30.404164
24 115.182901 30.399320
24 115.182901 30.399320
24 115.175509 30.394416
24 115.175509 30.394416
24 115.167431 30.389405
24 115.167431 30.389405
24 115.159632 30.384398
24 115.159632 30.384398
24 115.154012 30.379687
24 115.154012 30.379687
24 115.146988 30.374787
24 115.146988 30.374787
24 115.139511 30.369885
24 115.139511 30.369885
24 115.132308 30.364981
24 115.132308 30.364981
24 115.124901 30.360038
24 115.124901 30.360038
24 115.119645 30.355412
24 115.119645 30.355412
24 115.113471 30.350651
24 115.113471 30.350651
24 115.105211 30.345593
24 115.105211 30.345593
24 115.095104 30.340312
24 115.095104 30.340312
24 115.089944 30.335761
24 115.089944 30.335761
24 115.082476 30.330856
24 115.082476 30.330856
24 115.075057 30.325868
24 115.075057 30.325868
24 115.068343 30.321098
24 115.068343 30.321098
24 115.061431 30.316266
24 115.061431 30.316266
24 115.054782 30.311462
24 115.054782 30.311462
24 115.047704 30.306567
24 115.047704 30.306567
24 115.040876 30.301753
24 115.040876 30.301753
24 115.034771 30.297026
24 115.034771 30.297026
24 115.025461 30.291887
24 115.025461 30.291887
24 115.019606 30.287358
24 115.019606 30.287358
24 115.013474 30.283104
24 115.013474 30.283104
24 115.005476 30.278831
24 115.005476 30.278831
24 114.996979 30.274768
24 114.996979 30.274768
24 114.988418 30.271066
24 114.988418 30.271066
24 114.980709 30.267814
24 114.980709 30.267814
24 114.972923 30.264927
24 114.972923 30.264927
24 114.965039 30.262465
24 114.965039 30.262465
24 114.957102 30.260233
24 114.957102 30.260233
24 114.948436 30.258086
24 114.948436 30.258086
24 114.938381 30.255834
24 114.938381 30.255834
24 114.929669 30.253877
24 114.929669 30.253877
24 114.922067 30.252201
24 114.922067 30.252201
24 114.912011 30.249966
24 114.912011 30.249966
24 114.903961 30.248199
24 114.903961 30.248199
24 114.895472 30.246305
24 114.895472 30.246305
24 114.887419 30.244546
24 114.887419 30.244546
24 114.880043 30.242916
24 114.880043 30.242916
24 114.869333 30.240480
24 114.869333 30.240480
24 114.861060 30.238653
24 114.861060 30.238653
24 114.852997 30.236915
24 114.852997 30.236915
24 114.843169 30.234704
24 114.843169 30.234704
24 114.834236 30.232686
24 114.834236 30.232686
24 114.828169 30.231428
24 114.828169 30.231428
24 114.818586 30.229185
24 114.818586 30.229185
24 114.810077 30.227316
24 114.810077 30.227316
24 114.799809 30.224949
24 114.799809 30.224949
24 114.791736 30.223195
24 114.791736 30.223195
24 114.782586 30.221062
24 114.782586 30.221062
24 114.774526 30.219252
24 114.774526 30.219252
24 114.766887 30.217608
24 114.766887 30.217608
24 114.758817 30.215807
24 114.758817 30.215807
24 114.749191 30.213607
24 114.749191 30.213607
24 114.740231 30.211562
24 114.740231 30.211562
24 114.732593 30.209872
24 114.732593 30.209872
24 114.724521 30.208028
24 114.724521 30.208028
24 114.715753 30.206079
24 114.715753 30.206079
24 114.706991 30.204099
24 114.706991 30.204099
24 114.697797 30.201961
24 114.697797 30.201961
24 114.689049 30.199917
24 114.689049 30.199917
24 114.682019 30.198463
24 114.682019 30.198463
24 114.672794 30.196350
24 114.672794 30.196350
24 114.663363 30.194123
24 114.663363 30.194123
24 114.652827 30.191569
24 114.652827 30.191569
24 114.645547 30.190058
24 114.645547 30.190058
24 114.637838 30.188378
24 114.637838 30.188378
24 114.628157 30.186078
24 114.628157 30.186078
24 114.619567 30.184104
24 114.619567 30.184104
24 114.612245 30.182619
24 114.612245 30.182619
24 114.602317 30.180249
24 114.602317 30.180249
24 114.593684 30.178310
24 114.593684 30.178310
24 114.584840 30.176262
24 114.584840 30.176262
24 114.575787 30.174104
24 114.575787 30.174104
24 114.566469 30.171949
24 114.566469 30.171949
24 114.560183 30.170820
24 114.560183 30.170820
24 114.552798 30.169330
24 114.552798 30.169330
24 114.543890 30.167308
24 114.543890 30.167308
24 114.535195 30.165342
24 114.535195 30.165342
24 114.524769 30.162740
24 114.524769 30.162740
24 114.516237 30.160905
24 114.516237 30.160905
24 114.509233 30.159566
24 114.509233 30.159566
24 114.500068 30.157421
24 114.500068 30.157421
24 114.492394 30.155842
24 114.492394 30.155842
24 114.483419 30.153777
24 114.483419 30.153777
24 114.474235 30.151591
24 114.474235 30.151591
24 114.465443 30.149612
24 114.465443 30.149612
24 114.456659 30.147592
24 114.456659 30.147592
24 114.448232 30.145841
24 114.448232 30.145841
24 114.440261 30.144186
24 114.440261 30.144186
24 114.432328 30.142439
24 114.432328 30.142439
24 114.424505 30.140935
24 114.424505 30.140935
24 114.414192 30.138238
24 114.414192 30.138238
24 114.406162 30.136582
24 114.406162 30.136582
24 114.397295 30.134522
24 114.397295 30.134522
24 114.388986 30.132834
24 114.388986 30.132834
24 114.379671 30.130574
24 114.379671 30.130574
24 114.370738 30.128536
24 114.370738 30.128536
24 114.362021 30.126553
24 114.362021 30.126553
24 114.353232 30.124658
24 114.353232 30.124658
24 114.344861 30.122928
24 114.344861 30.122928
24 114.336942 30.121313
24 114.336942 30.121313
24 114.327913 30.119280
24 114.327913 30.119280
24 114.319296 30.117424
24 114.319296 30.117424
24 114.310892 30.115630
24 114.310892 30.115630
24 114.302867 30.114067
24 114.302867 30.114067
24 114.294216 30.112175
24 114.294216 30.112175
24 114.284495 30.109785
24 114.284495 30.109785
24 114.277673 30.108817
24 114.277673 30.108817
24 114.267748 30.106253
24 114.267748 30.106253
24 114.259026 30.104342
24 114.259026 30.104342
24 114.250473 30.102560
24 114.250473 30.102560
24 114.242163 30.100802
24 114.242163 30.100802
24 114.233815 30.099068
24 114.233815 30.099068
24 114.224602 30.096929
24 114.224602 30.096929
24 114.216626 30.095408
24 114.216626 30.095408
24 114.208233 30.093646
24 114.208233 30.093646
24 114.198784 30.091342
24 114.198784 30.091342
24 114.189701 30.089286
24 114.189701 30.089286
24 114.181473 30.087595
24 114.181473 30.087595
24 114.172389 30.085473
24 114.172389 30.085473
24 114.163267 30.083369
24 114.163267 30.083369
24 114.155365 30.081924
24 114.155365 30.081924
24 114.147055 30.080221
24 114.147055 30.080221
24 114.138089 30.078197
24 114.138089 30.078197
24 114.130344 30.076839
24 114.130344 30.076839
24 114.121585 30.074863
24 114.121585 30.074863
24 114.113344 30.073325
24 114.113344 30.073325
24 114.105385 30.071774
24 114.105385 30.071774
24 114.095330 30.069085
24 114.095330 30.069085
24 114.086078 30.066848
24 114.086078 30.066848
24 114.078193 30.065483
24 114.078193 30.065483
24 114.068094 30.062737
24 114.068094 30.062737
24 114.059998 30.061197
24 114.059998 30.061197
24 114.051463 30.059423
24 114.051463 30.059423
24 114.042325 30.057242
24 114.042325 30.057242
24 114.033539 30.055338
24 114.033539 30.055338
24 114.024757 30.053393
24 114.024757 30.053393
24 114.016124 30.051602
24 114.016124 30.051602
24 114.008287 30.050295
24 114.008287 30.050295
24 114.000048 30.048703
24 114.000048 30.048703
24 113.990924 30.046664
24 113.990924 30.046664
24 113.982482 30.044881
24 113.982482 30.044881
24 113.973553 30.042906
24 113.973553 30.042906
24 113.964909 30.040930
24 113.964909 30.040930
24 113.954489 30.037715
24 113.954489 30.037715
24 113.946425 30.035732
24 113.946425 30.035732
24 113.938756 30.033990
24 113.938756 30.033990
24 113.929464 30.031189
24 113.929464 30.031189
24 113.921663 30.029889
24 113.921663 30.029889
24 113.912542 30.027889
24 113.912542 30.027889
24 113.903230 30.026057
24 113.903230 30.026057
24 113.893967 30.024483
24 113.893967 30.024483
24 113.885392 30.023529
24 113.885392 30.023529
24 113.877057 30.022979
24 113.877057 30.022979
24 113.868419 30.022365
24 113.868419 30.022365
24 113.859191 30.021289
24 113.859191 30.021289
24 113.850686 30.020805
24 113.850686 30.020805
24 113.841592 30.019856
24 113.841592 30.019856
24 113.832092 30.018593
24 113.832092 30.018593
24 113.823608 30.017971
24 113.823608 30.017971
24 113.813804 30.016245
24 113.813804 30.016245
24 113.804479 30.014678
24 113.804479 30.014678
24 113.796273 30.013664
24 113.796273 30.013664
24 113.788108 30.012575
24 113.788108 30.012575
24 113.779506 30.010864
24 113.779506 30.010864
24 113.769977 30.008328
24 113.769977 30.008328
24 113.761569 30.006358
24 113.761569 30.006358
24 113.753844 30.004711
24 113.753844 30.004711
24 113.744661 30.001738
24 113.744661 30.001738
24 113.736364 29.999234
24 113.736364 29.999234
24 113.728401 29.996720
24 113.728401 29.996720
24 113.719925 29.993658
24 113.719925 29.993658
24 113.711881 29.990835
24 113.711881 29.990835
24 113.703662 29.987481
24 113.703662 29.987481
24 113.695747 29.984156
24 113.695747 29.984156
24 113.688080 29.980915
24 113.688080 29.980915
24 113.679574 29.976761
24 113.679574 29.976761
24 113.671420 29.972597
24 113.671420 29.972597
24 113.663954 29.968783
24 113.663954 29.968783
24 113.656838 29.964968
24 113.656838 29.964968
24 113.649168 29.960649
24 113.649168 29.960649
24 113.641352 29.955788
24 113.641352 29.955788
24 113.634534 29.951670
24 113.634534 29.951670
24 113.627838 29.947434
24 113.627838 29.947434
24 113.619562 29.941963
24 113.619562 29.941963
24 113.613393 29.938222
24 113.613393 29.938222
24 113.606264 29.933681
24 113.606264 29.933681
24 113.597858 29.927962
24 113.597858 29.927962
24 113.592175 29.924743
24 113.592175 29.924743
24 113.584112 29.919350
24 113.584112 29.919350
24 113.576384 29.914304
24 113.576384 29.914304
24 113.569766 29.910235
24 113.569766 29.910235
24 113.562926 29.906021
24 113.562926 29.906021
24 113.556513 29.902078
24 113.556513 29.902078
24 113.548378 29.896679
24 113.548378 29.896679
24 113.540795 29.891765
24 113.540795 29.891765
24 113.533236 29.886818
24 113.533236 29.886818
24 113.527306 29.883384
24 113.527306 29.883384
24 113.518768 29.877619
24 113.518768 29.877619
24 113.511195 29.872640
24 113.511195 29.872640
24 113.504649 29.868715
24 113.504649 29.868715
24 113.497413 29.864068
24 113.497413 29.864068
24 113.489655 29.858879
24 113.489655 29.858879
24 113.482036 29.853878
24 113.482036 29.853878
24 113.475827 29.850260
24 113.475827 29.850260
24 113.469404 29.846483
24 113.469404 29.846483
24 113.461303 29.840876
24 113.461303 29.840876
24 113.453451 29.835681
24 113.453451 29.835681
24 113.446088 29.831025
24 113.446088 29.831025
24 113.438614 29.826129
24 113.438614 29.826129
24 113.430992 29.821020
24 113.430992 29.821020
24 113.424350 29.817011
24 113.424350 29.817011
24 113.418003 29.813382
24 113.418003 29.813382
24 113.411209 29.809149
24 113.411209 29.809149
24 113.404200 29.804752
24 113.404200 29.804752
24 113.396189 29.799235
24 113.396189 29.799235
24 113.388645 29.794276
24 113.388645 29.794276
24 113.381276 29.789478
24 113.381276 29.789478
24 113.373873 29.784687
24 113.373873 29.784687
24 113.367042 29.780386
24 113.367042 29.780386
24 113.359990 29.775920
24 113.359990 29.775920
24 113.352352 29.770640
24 113.352352 29.770640
24 113.346168 29.766751
24 113.346168 29.766751
24 113.339720 29.762430
24 113.339720 29.762430
24 113.332528 29.757102
24 113.332528 29.757102
24 113.325575 29.751899
24 113.325575 29.751899
24 113.319472 29.747310
24 113.319472 29.747310
24 113.312458 29.741530
24 113.312458 29.741530
24 113.305597 29.735638
24 113.305597 29.735638
24 113.299934 29.731028
24 113.299934 29.731028
24 113.294350 29.726359
24 113.294350 29.726359
24 113.287139 29.719484
24 113.287139 29.719484
24 113.281413 29.714009
24 113.281413 29.714009
24 113.274598 29.707162
24 113.274598 29.707162
24 113.267398 29.699671
24 113.267398 29.699671
24 113.262140 29.694178
24 113.262140 29.694178
24 113.257115 29.688829
24 113.257115 29.688829
24 113.252331 29.683620
24 113.252331 29.683620
24 113.246290 29.676564
24 113.246290 29.676564
24 113.240245 29.669219
24 113.240245 29.669219
24 113.235362 29.663197
24 113.235362 29.663197
24 113.230874 29.657515
24 113.230874 29.657515
24 113.225404 29.650403
24 113.225404 29.650403
24 113.220357 29.643903
24 113.220357 29.643903
24 113.215424 29.637621
24 113.215424 29.637621
24 113.211313 29.632292
24 113.211313 29.632292
24 113.205383 29.624587
24 113.205383 29.624587
24 113.199566 29.617101
24 113.199566 29.617101
24 113.194957 29.611200
24 113.194957 29.611200
24 113.190170 29.605114
24 113.190170 29.605114
24 113.184745 29.598252
24 113.184745 29.598252
24 113.180574 29.592948
24 113.180574 29.592948
24 113.175926 29.587061
24 113.175926 29.587061
24 113.170725 29.580350
24 113.170725 29.580350
24 113.164919 29.572844
24 113.164919 29.572844
24 113.158509 29.564539
24 113.158509 29.564539
24 113.153334 29.557806
24 113.153334 29.557806
24 113.148814 29.552116
24 113.148814 29.552116
24 113.142302 29.543574
24 113.142302 29.543574
24 113.138596 29.539118
24 113.138596 29.539118
24 113.134764 29.534448
24 113.134764 29.534448
24 113.128825 29.526707
24 113.128825 29.526707
24 113.123872 29.520390
24 113.123872 29.520390
24 113.118672 29.513644
24 113.118672 29.513644
24 113.113165 29.506497
24 113.113165 29.506497
24 113.107544 29.499126
24 113.107544 29.499126
24 113.101501 29.491134
24 113.101501 29.491134
24 113.097466 29.486261
24 113.097466 29.486261
24 113.092198 29.479523
24 113.092198 29.479523
24 113.088990 29.475881
24 113.088990 29.475881
24 113.082329 29.466799
24 113.082329 29.466799
24 113.077328 29.460460
24 113.077328 29.460460
24 113.073122 29.455372
24 113.073122 29.455372
24 113.067650 29.448156
24 113.067650 29.448156
24 113.062906 29.442222
24 113.062906 29.442222
24 113.057098 29.434605
24 113.057098 29.434605
24 113.052460 29.428880
24 113.052460 29.428880
24 113.047830 29.423144
24 113.047830 29.423144
